-1.563532590866088867e+00
-2.236507654190063477e+00
5.576914787292480469e+00
-1.682186126708984375e+00
-1.279699802398681641e-01
9.524472951889038086e-01
2.670656442642211914e-01
2.697023153305053711e+00
-7.373929023742675781e-02
-6.600774526596069336e-01
1.332263827323913574e+00
2.047541618347167969e+00
1.480224847793579102e+00
-2.510893344879150391e-01
2.359771728515625000e+00
4.756172180175781250e+00
2.477999210357666016e+00
-3.533814907073974609e+00
-1.505478620529174805e-01
5.884557366371154785e-01
2.463293313980102539e+00
2.455120563507080078e+00
-6.152182817459106445e-01
2.705519676208496094e+00
3.100340604782104492e+00
2.486833095550537109e+00
2.732049703598022461e+00
3.006554126739501953e+00
-2.117806196212768555e+00
-3.881585597991943359e-01
2.303212642669677734e+00
1.970503926277160645e+00
2.723477840423583984e+00
4.057466983795166016e+00
-3.236563682556152344e+00
-8.382862806320190430e-01
1.397069454193115234e+00
2.955366134643554688e+00
-3.105457782745361328e+00
1.098365902900695801e+00
4.727807998657226562e+00
2.488945007324218750e+00
3.998147845268249512e-01
6.344097137451171875e+00
2.974971294403076172e+00
3.712537050247192383e+00
-3.019014358520507812e+00
-2.850081920623779297e-01
3.345169782638549805e+00
2.888571262359619141e+00
3.920774459838867188e+00
4.108679294586181641e-01
7.844317436218261719e+00
8.824207782745361328e-01
2.167583465576171875e+00
3.162937760353088379e-01
3.336750268936157227e+00
1.377847194671630859e+00
-7.474344968795776367e-01
-1.591196775436401367e+00
-3.367603302001953125e+00
1.537225842475891113e-01
6.506619453430175781e-01
8.380808830261230469e-01
1.140867829322814941e+00
4.022819995880126953e-01
7.786340713500976562e-01
4.672260761260986328e+00
1.386819481849670410e+00
3.117790222167968750e-01
1.671749353408813477e+00
-1.267658948898315430e+00
-5.682841539382934570e-01
3.559207916259765625e+00
2.652310848236083984e+00
3.289752960205078125e+00
1.477144002914428711e+00
3.048519134521484375e+00
4.624847412109375000e+00
-2.247111797332763672e-01
2.392488002777099609e+00
8.366768360137939453e-01
2.678337812423706055e+00
4.309961795806884766e-01
6.132107734680175781e+00
1.922581672668457031e+00
3.322370767593383789e+00
3.021332979202270508e+00
-7.423853874206542969e-02
1.341916918754577637e-01
2.400750160217285156e+00
3.224284410476684570e+00
5.288292884826660156e+00
6.384804248809814453e-01
-4.045569896697998047e+00
3.296107053756713867e+00
3.715744495391845703e+00
1.259923458099365234e+00
4.681372642517089844e-02
-1.661476135253906250e+00
2.485314011573791504e-01
2.446420192718505859e-01
2.947575569152832031e+00
8.717887997627258301e-01
-1.503147602081298828e+00
-1.743942022323608398e+00
3.088477134704589844e+00
1.908067226409912109e+00
-1.412705421447753906e+00
2.028576135635375977e+00
3.834321498870849609e+00
-6.735095977783203125e-01
-3.895862579345703125e+00
-7.542039155960083008e-01
-1.253829717636108398e+00
-4.739232540130615234e+00
5.259197235107421875e+00
1.778388619422912598e+00
-4.215704441070556641e+00
1.904090404510498047e+00
7.168501615524291992e-02
4.001342773437500000e+00
1.865589261054992676e+00
1.805483102798461914e+00
2.497086048126220703e+00
3.211412429809570312e+00
7.023572921752929688e-03
1.140924453735351562e+00
1.734439373016357422e+00
2.296923160552978516e+00
6.439207792282104492e-01
5.399647235870361328e+00
3.060548305511474609e+00
2.295979261398315430e+00
2.729552984237670898e-02
8.852564692497253418e-01
-1.406564474105834961e+00
1.506835222244262695e-01
-7.450287342071533203e-01
4.032376289367675781e+00
1.871922254562377930e+00
2.389387130737304688e+00
-1.261066913604736328e+00
-1.331932783126831055e+00
-1.573918819427490234e+00
5.024888515472412109e-01
-2.775536537170410156e+00
-1.069922924041748047e+00
-2.189799547195434570e-01
1.402549624443054199e+00
4.507094860076904297e+00
2.197920799255371094e+00
1.290922045707702637e+00
-2.547311782836914062e+00
1.262101888656616211e+00
-4.026370048522949219e+00
-7.599582672119140625e-01
1.376783847808837891e-02
1.780339717864990234e+00
-1.559319496154785156e+00
-8.790049552917480469e-01
6.843516826629638672e-01
5.567479729652404785e-01
8.619157075881958008e-01
1.547884821891784668e+00
6.896537542343139648e-01
-2.085025310516357422e+00
3.566189408302307129e-01
2.483519554138183594e+00
2.451697826385498047e+00
2.934374213218688965e-01
1.038262486457824707e+00
-2.014708757400512695e+00
3.113703966140747070e+00
4.643801450729370117e-01
8.559644222259521484e-02
-2.443288326263427734e+00
1.457487940788269043e-01
-1.634668111801147461e+00
3.468588829040527344e+00
2.749110221862792969e+00
1.702802658081054688e+00
3.347222328186035156e+00
1.373797416687011719e+00
-9.197965860366821289e-01
2.797028422355651855e-01
1.131669163703918457e+00
-7.065715789794921875e-01
6.945294141769409180e-01
2.805572271347045898e+00
1.903886675834655762e+00
2.363902330398559570e+00
1.398349046707153320e+00
2.347230434417724609e+00
2.817060232162475586e+00
-7.708048820495605469e-01
4.823175072669982910e-01
1.830123424530029297e+00
-1.288392066955566406e+00
6.500345468521118164e-01
-1.978527307510375977e-01
-2.327048778533935547e-02
-1.385921716690063477e+00
-6.465857028961181641e-01
3.672752618789672852e+00
-1.674690008163452148e+00
2.210896492004394531e+00
3.032578229904174805e+00
6.270682811737060547e+00
-1.165075302124023438e-01
-3.341685295104980469e+00
9.158968925476074219e-01
-9.999036788940429688e-03
1.078360676765441895e+00
6.315056085586547852e-01
1.474373102188110352e+00
3.336122512817382812e+00
-4.203859567642211914e-01
6.240980029106140137e-01
-2.199464559555053711e+00
7.230492830276489258e-01
5.054776668548583984e+00
1.289887428283691406e+00
1.998296022415161133e+00
1.594040632247924805e+00
-9.598509073257446289e-01
1.381826400756835938e-02
2.276834249496459961e+00
2.420891761779785156e+00
-2.831634044647216797e+00
2.043404102325439453e+00
1.963041782379150391e+00
-3.322185516357421875e+00
1.960068941116333008e-02
4.575995445251464844e+00
-1.239525079727172852e+00
5.339837074279785156e+00
1.538747787475585938e+00
8.190874457359313965e-01
-4.204375743865966797e-01
5.005977153778076172e-01
1.889013767242431641e+00
4.653050303459167480e-01
-4.539898872375488281e+00
-5.572683811187744141e-01
-3.489345073699951172e+00
-2.360747575759887695e+00
3.837006092071533203e+00
-1.173806667327880859e+00
4.531270980834960938e+00
-2.637399196624755859e+00
2.710979223251342773e+00
4.763474464416503906e+00
6.592037081718444824e-01
1.464133739471435547e+00
1.709005832672119141e-01
3.265062093734741211e+00
-3.807263374328613281e-01
-8.737230300903320312e-01
2.413771390914916992e+00
3.589783310890197754e-01
-3.609231710433959961e-01
3.295015573501586914e+00
5.195472240447998047e+00
1.121878266334533691e+00
2.554655790328979492e+00
8.971391916275024414e-01
-3.786338329315185547e+00
6.610691547393798828e-01
5.004798412322998047e+00
2.970716476440429688e+00
1.227765798568725586e+00
3.066317319869995117e+00
-1.621945619583129883e+00
-3.501933574676513672e+00
2.291020870208740234e+00
4.423885941505432129e-01
-1.336082220077514648e+00
2.478687763214111328e-01
5.164054393768310547e+00
-1.348956108093261719e+00
1.317957162857055664e+00
8.448505997657775879e-01
-2.157693386077880859e+00
6.389945149421691895e-01
-5.517249107360839844e-01
2.295969486236572266e+00
2.632762908935546875e+00
-2.024116277694702148e+00
2.468983411788940430e+00
7.766922116279602051e-01
5.411169052124023438e+00
5.991294384002685547e+00
2.985632181167602539e+00
-1.267406463623046875e+00
2.665948390960693359e+00
3.762329816818237305e+00
-1.597110033035278320e+00
2.149147033691406250e+00
1.819243788719177246e+00
1.290497660636901855e+00
5.169960498809814453e+00
7.261720299720764160e-01
1.794083595275878906e+00
-2.022147655487060547e+00
3.450246572494506836e+00
-1.040495872497558594e+00
2.090319991111755371e-01
4.160023689270019531e+00
1.875201940536499023e+00
3.526497840881347656e+00
-3.889259099960327148e-01
6.408324241638183594e-01
1.074569106101989746e+00
-4.213753700256347656e+00
-7.130212783813476562e-01
-1.324937105178833008e+00
1.213946104049682617e+00
1.271637320518493652e+00
2.610234975814819336e+00
2.557384490966796875e+00
5.005317926406860352e-01
-1.752593994140625000e+00
2.485547542572021484e+00
2.659015893936157227e+00
-4.409151077270507812e-01
2.705856323242187500e+00
8.447569608688354492e-01
-1.494367361068725586e+00
6.838239669799804688e+00
7.684262990951538086e-01
4.949909448623657227e-01
-8.037980794906616211e-01
2.647461414337158203e+00
-1.685217857360839844e+00
2.666110515594482422e+00
-2.556139469146728516e+00
1.594921827316284180e+00
-3.095587491989135742e-01
-9.636453390121459961e-01
-3.300035953521728516e+00
-2.232962608337402344e+00
1.332753777503967285e+00
5.339816212654113770e-01
1.283161878585815430e+00
3.613107800483703613e-01
3.488444328308105469e+00
7.921902537345886230e-01
5.255532264709472656e-02
4.538952350616455078e+00
2.220770359039306641e+00
4.391539573669433594e+00
1.186934709548950195e-01
4.810673713684082031e+00
1.146292567253112793e+00
-6.993231773376464844e-01
3.181416988372802734e+00
4.450566768646240234e-01
4.711705207824707031e+00
8.878408670425415039e-01
3.835393667221069336e+00
2.300539016723632812e+00
3.810041546821594238e-01
1.499532580375671387e+00
-9.870123863220214844e-01
-6.725087165832519531e-01
-7.054299116134643555e-01
-2.611364841461181641e+00
1.570765018463134766e+00
2.967067003250122070e+00
3.383853912353515625e+00
-1.202881336212158203e+00
-8.722733259201049805e-01
3.165512084960937500e+00
2.824459075927734375e-01
-4.859724044799804688e-01
-3.473900556564331055e-01
1.943280696868896484e+00
-2.726396322250366211e-01
1.140285730361938477e-01
1.220496535301208496e+00
-1.144566774368286133e+00
-5.112393856048583984e+00
-4.629132747650146484e-01
3.568049669265747070e+00
3.220096349716186523e+00
2.928540468215942383e+00
-7.983692884445190430e-01
8.268717527389526367e-01
-1.847602367401123047e+00
1.871450901031494141e+00
1.301289558410644531e+00
1.528081059455871582e+00
1.604551076889038086e+00
3.211665868759155273e+00
-1.035268783569335938e+00
4.662187099456787109e+00
2.767664790153503418e-01
-1.697443246841430664e+00
-2.505687236785888672e+00
2.057435274124145508e+00
-8.270059823989868164e-01
2.892327904701232910e-01
1.504939198493957520e+00
1.671729207038879395e+00
-2.787717580795288086e-01
3.103508710861206055e+00
-1.144228219985961914e+00
2.007680416107177734e+00
7.799675464630126953e-01
-3.365962505340576172e-01
1.549808621406555176e+00
3.342147469520568848e-01
-1.858323097229003906e+00
-6.445302963256835938e-01
1.942979693412780762e-01
3.067622900009155273e+00
4.841562271118164062e+00
4.727902412414550781e+00
-5.152455806732177734e+00
-1.894555807113647461e+00
2.975269317626953125e+00
-7.209154367446899414e-01
3.346568584442138672e+00
-2.600963592529296875e+00
-3.457036495208740234e+00
-3.061314582824707031e+00
7.829582691192626953e-01
3.385012149810791016e+00
3.815622568130493164e+00
2.140622615814208984e+00
4.146756172180175781e+00
-2.222687244415283203e+00
-3.767566680908203125e-01
1.657154321670532227e+00
2.005993843078613281e+00
1.520634889602661133e-01
4.297532081604003906e+00
5.985202789306640625e-01
1.424023389816284180e+00
3.165588378906250000e+00
2.266745567321777344e+00
-4.672882556915283203e-01
-1.124332427978515625e+00
-3.144105672836303711e-01
-1.514667510986328125e+00
4.095895886421203613e-01
3.178550243377685547e+00
1.586936116218566895e+00
3.815933704376220703e+00
3.245552062988281250e+00
4.787292480468750000e+00
-3.422319412231445312e+00
9.592034220695495605e-01
3.504465579986572266e+00
3.989440679550170898e+00
4.894648551940917969e+00
9.014738798141479492e-01
-7.569524049758911133e-01
1.555036067962646484e+00
4.780235886573791504e-01
1.657282352447509766e+00
-3.984197616577148438e+00
2.920219421386718750e+00
9.963142275810241699e-01
5.881604194641113281e+00
2.321983098983764648e+00
1.178618907928466797e+00
-3.960812568664550781e+00
-3.227701187133789062e-01
8.741162300109863281e+00
1.207313299179077148e+00
2.445802211761474609e+00
-3.102632522583007812e+00
2.323207855224609375e+00
6.871582269668579102e-01
1.642873167991638184e+00
1.277565836906433105e+00
-9.549726247787475586e-01
-9.917879104614257812e-01
3.205706834793090820e+00
2.817725658416748047e+00
-2.595585107803344727e+00
3.809250593185424805e+00
3.298803567886352539e+00
2.991164922714233398e+00
-1.001981019973754883e+00
1.773444890975952148e+00
2.102705836296081543e-01
2.364362955093383789e+00
-6.937997341156005859e-01
-2.043971061706542969e+00
-4.926213026046752930e-01
-9.457826614379882812e-01
1.863688588142395020e+00
1.177208423614501953e-01
7.876616716384887695e-01
6.248053312301635742e-01
-1.238412857055664062e+00
3.504799604415893555e-01
2.790358066558837891e+00
1.584635853767395020e+00
2.748019933700561523e+00
-1.543688297271728516e+00
2.588452577590942383e+00
2.119676113128662109e+00
-1.164719104766845703e+00
2.848902940750122070e+00
4.506269931793212891e+00
4.191133499145507812e+00
-1.059008598327636719e+00
4.867237091064453125e+00
2.594115257263183594e+00
4.558377861976623535e-01
2.551256179809570312e+00
-7.790201902389526367e-01
-3.302972316741943359e-01
-1.872768402099609375e+00
2.578489780426025391e+00
8.496221303939819336e-01
-2.690583944320678711e+00
-3.566259145736694336e-01
-1.568347215652465820e-01
-6.559746265411376953e-01
8.387598991394042969e-01
-7.042514085769653320e-01
-1.661333799362182617e+00
1.377745985984802246e+00
1.754456996917724609e+00
1.357197165489196777e+00
-1.714218854904174805e+00
1.303851008415222168e-01
-2.131134033203125000e+00
-4.467009067535400391e+00
1.224673390388488770e-01
2.850738525390625000e+00
4.961965680122375488e-01
1.809313297271728516e+00
-5.295803546905517578e-01
2.501910924911499023e+00
-5.287450551986694336e-01
-2.010100126266479492e+00
3.144726037979125977e+00
2.439936161041259766e+00
3.154001951217651367e+00
2.302051067352294922e+00
4.803263664245605469e+00
3.290191411972045898e+00
4.951765537261962891e+00
5.508347749710083008e-01
2.300824403762817383e+00
-1.077427625656127930e+00
3.312926769256591797e+00
3.670591592788696289e+00
-2.499508380889892578e+00
5.335896968841552734e+00
-2.137917995452880859e+00
2.592074394226074219e+00
-1.113378763198852539e+00
-1.197317838668823242e+00
-1.427355527877807617e+00
-5.417677879333496094e+00
1.422161579132080078e+00
-1.368744373321533203e+00
4.754069328308105469e+00
-1.543730020523071289e+00
-3.408716678619384766e+00
2.851543903350830078e+00
-2.874834060668945312e+00
-1.477125167846679688e+00
-7.120504379272460938e-01
1.539062500000000000e+00
7.434317469596862793e-01
4.120999574661254883e-01
1.673613548278808594e+00
2.057687759399414062e+00
2.628073215484619141e+00
1.014312267303466797e+00
3.442355394363403320e+00
-1.577110528945922852e+00
4.337920665740966797e+00
4.152785539627075195e-01
2.993854284286499023e+00
-1.780838727951049805e+00
2.285216808319091797e+00
-1.288767814636230469e+00
2.097923040390014648e+00
-1.771650314331054688e+00
-3.094834327697753906e+00
1.508943080902099609e+00
-2.685959339141845703e-01
3.069527864456176758e+00
5.120149135589599609e+00
-8.917306661605834961e-01
5.145611763000488281e-01
-1.063924789428710938e+00
3.922045469284057617e+00
3.977668762207031250e+00
-6.894370317459106445e-01
1.922005414962768555e-01
3.816249132156372070e+00
2.351968288421630859e-01
1.961184859275817871e+00
-8.272676467895507812e-01
9.200348258018493652e-01
-2.128477096557617188e-01
1.962287902832031250e+00
3.609311103820800781e+00
-8.090807199478149414e-01
8.460155129432678223e-01
1.737050533294677734e+00
5.400201678276062012e-01
-1.070111989974975586e+00
7.633934020996093750e-01
-1.026218891143798828e+00
1.766440272331237793e+00
-3.430012226104736328e+00
9.880181550979614258e-01
2.224200725555419922e+00
1.115772843360900879e+00
7.426553964614868164e-01
-4.134653091430664062e+00
-2.233369350433349609e-01
2.811089277267456055e+00
-1.259671211242675781e+00
2.098853111267089844e+00
4.695996284484863281e+00
-1.190167903900146484e+00
4.773862361907958984e+00
-2.493276119232177734e+00
4.331771373748779297e+00
1.272553801536560059e+00
-1.301287412643432617e-01
3.029394149780273438e+00
-3.038394451141357422e-02
1.142602562904357910e+00
3.449592113494873047e+00
2.618602037429809570e+00
5.206929445266723633e-01
-4.836818218231201172e+00
-1.096322536468505859e-01
2.861471891403198242e+00
-1.852916240692138672e+00
4.487062692642211914e-01
-1.456205844879150391e+00
6.794269084930419922e+00
-2.261847019195556641e+00
-3.227887153625488281e-01
-2.249628305435180664e-01
1.106141209602355957e+00
3.065951585769653320e+00
2.821649551391601562e+00
-1.260989189147949219e+00
-3.398901462554931641e+00
9.045431613922119141e-01
2.179934501647949219e+00
-2.116144180297851562e+00
3.704591035842895508e+00
1.036246538162231445e+00
-3.910231113433837891e+00
4.643291473388671875e+00
-1.348786354064941406e+00
3.222890138626098633e+00
2.770790815353393555e+00
1.511380076408386230e-01
1.420724749565124512e+00
-2.402806282043457031e-01
4.204411983489990234e+00
3.678350925445556641e+00
1.528813123703002930e+00
2.635244369506835938e+00
2.435239791870117188e+00
3.642715454101562500e+00
3.533114790916442871e-01
-9.754232168197631836e-01
4.074962735176086426e-01
-5.057942867279052734e-02
1.436607003211975098e+00
2.554488658905029297e+00
2.765765190124511719e+00
-2.896767854690551758e+00
2.385344266891479492e+00
-3.732491970062255859e+00
-2.896131992340087891e+00
1.914098858833312988e-01
3.776166915893554688e+00
2.078695297241210938e+00
-3.228354454040527344e-02
1.519112110137939453e+00
2.201827168464660645e-01
1.826321363449096680e+00
2.124053478240966797e+00
1.293342709541320801e+00
2.216408967971801758e+00
2.606829643249511719e+00
-1.253553628921508789e+00
4.170139789581298828e+00
-4.796943187713623047e+00
-1.487251996994018555e+00
3.600399494171142578e+00
-4.039860963821411133e-01
-4.854623079299926758e-01
-5.573304891586303711e-01
3.271524310111999512e-01
-1.529670000076293945e+00
-1.956788301467895508e+00
-1.149744510650634766e+00
9.109771251678466797e-01
2.621523380279541016e+00
2.218476772308349609e+00
4.220014810562133789e-02
4.714490771293640137e-01
3.945146560668945312e+00
1.575505495071411133e+00
-5.716415643692016602e-01
-1.673783540725708008e+00
1.699558019638061523e+00
2.935852050781250000e+00
2.064975500106811523e+00
2.608453750610351562e+00
9.070550799369812012e-01
1.527354240417480469e+00
2.079639434814453125e+00
-1.130442857742309570e+00
-5.957143306732177734e-01
1.842644929885864258e+00
-3.355611562728881836e-01
1.295630931854248047e+00
-4.596965789794921875e+00
1.714903473854064941e+00
-2.332091093063354492e+00
1.513395071029663086e+00
-7.900053262710571289e-01
3.194731950759887695e+00
-3.177376747131347656e+00
3.626719713211059570e+00
-3.452502489089965820e-01
3.764727711677551270e-01
-2.189407587051391602e+00
1.186054944992065430e+00
-3.031584024429321289e-01
-6.047533750534057617e-01
1.120899915695190430e-01
5.607492923736572266e+00
7.210299968719482422e-01
1.788905501365661621e+00
9.496949911117553711e-01
1.176196932792663574e-01
2.501477241516113281e+00
4.015945434570312500e+00
-3.259693622589111328e+00
-4.498642683029174805e-01
-1.594441890716552734e+00
2.021441936492919922e+00
4.385981559753417969e+00
1.516170144081115723e+00
4.246409416198730469e+00
8.623003363609313965e-01
3.484045028686523438e+00
9.285638332366943359e-01
1.769748449325561523e+00
1.944196820259094238e+00
1.230908155441284180e+00
-7.326227426528930664e-01
2.686594009399414062e+00
4.746354579925537109e+00
1.765258908271789551e-01
-9.528768062591552734e-01
2.336483955383300781e+00
1.886902570724487305e+00
5.247152328491210938e+00
4.734430909156799316e-01
3.942792415618896484e+00
7.333215713500976562e+00
4.962403297424316406e+00
-7.963752746582031250e-01
2.956192731857299805e+00
-2.345343589782714844e+00
1.772597670555114746e+00
-1.985495567321777344e+00
-1.644400835037231445e+00
-1.153847217559814453e+00
-1.231137752532958984e+00
-1.250024318695068359e+00
2.292991161346435547e+00
3.352364063262939453e+00
1.054706573486328125e+00
-1.741903066635131836e+00
1.158584713935852051e+00
4.273211479187011719e+00
-2.059489488601684570e+00
1.286723017692565918e+00
5.341063141822814941e-01
2.604268074035644531e+00
2.902789115905761719e-01
-6.961238384246826172e-02
9.068348407745361328e-01
4.126008987426757812e+00
4.243550300598144531e+00
3.394930958747863770e-01
2.023082733154296875e+00
-8.887494802474975586e-01
3.172962665557861328e+00
2.255740642547607422e+00
-7.061269283294677734e-01
1.416377544403076172e+00
4.947902679443359375e+00
7.949908256530761719e+00
1.016451120376586914e-01
3.911136388778686523e+00
1.049902200698852539e+00
-2.304051160812377930e+00
-1.306116580963134766e+00
-1.595884561538696289e+00
-2.831871032714843750e+00
6.713539361953735352e-02
4.410585403442382812e+00
-1.402289628982543945e+00
2.667455673217773438e+00
1.541020989418029785e+00
4.901945590972900391e-02
1.221452713012695312e+00
3.064930677413940430e+00
1.686295270919799805e+00
-5.066059827804565430e-01
-7.455149888992309570e-01
9.623302221298217773e-01
-2.531101942062377930e+00
2.686583042144775391e+00
-1.387593746185302734e+00
4.596398353576660156e+00
1.358733773231506348e+00
1.472203373908996582e+00
-1.474170446395874023e+00
3.329476594924926758e+00
-1.905742168426513672e+00
4.416146278381347656e+00
5.741658687591552734e+00
1.989917755126953125e+00
1.906878948211669922e+00
4.660940647125244141e+00
1.283471345901489258e+00
1.999912977218627930e+00
-3.283523082733154297e+00
-8.530831336975097656e-02
3.637639522552490234e+00
-1.370041847229003906e+00
7.382317185401916504e-01
-1.233016014099121094e+00
-7.867473363876342773e-01
2.569713592529296875e+00
4.752614974975585938e+00
-3.419811725616455078e+00
-2.084715366363525391e-01
2.767858505249023438e+00
2.615335941314697266e+00
3.728880643844604492e+00
-2.645723819732666016e-01
1.513796210289001465e+00
8.324952125549316406e-01
1.648378252983093262e+00
3.956158399581909180e+00
-4.952383518218994141e+00
3.627203106880187988e-01
4.971107244491577148e-01
3.799280405044555664e+00
1.959890604019165039e+00
-3.603941917419433594e+00
1.627546072006225586e+00
2.704905509948730469e+00
4.555724143981933594e+00
2.340180397033691406e+00
-3.889015913009643555e-01
1.889051914215087891e+00
-2.191358566284179688e+00
2.210112810134887695e-01
2.728319883346557617e+00
1.201615095138549805e+00
7.652652859687805176e-01
1.047035217285156250e+00
1.144976139068603516e+00
5.525718331336975098e-01
-3.193342685699462891e-01
-1.379961490631103516e+00
1.155066370964050293e+00
2.702218055725097656e+00
1.723084092140197754e+00
2.342533588409423828e+00
4.342740058898925781e+00
4.447068214416503906e+00
3.573440313339233398e+00
-1.191059589385986328e+00
5.543951988220214844e-01
2.794855594635009766e+00
2.296802043914794922e+00
2.651363372802734375e+00
5.522866249084472656e+00
-1.483100891113281250e+00
1.241204142570495605e-01
-2.624742269515991211e+00
1.165967345237731934e+00
-3.143238544464111328e+00
2.406054019927978516e+00
-4.003077745437622070e-01
6.939983963966369629e-01
-7.608110904693603516e-01
-1.501507520675659180e+00
5.883348464965820312e+00
1.406064748764038086e+00
1.873174071311950684e+00
3.631827592849731445e+00
-2.896322488784790039e+00
1.155692934989929199e-01
1.226341366767883301e+00
-8.757261037826538086e-01
-2.214390039443969727e+00
1.742620706558227539e+00
2.968411922454833984e+00
3.114217519760131836e+00
4.209305286407470703e+00
2.435189485549926758e+00
1.510799646377563477e+00
3.374885082244873047e+00
1.391334056854248047e+00
-5.931569337844848633e-01
1.948264122009277344e+00
-5.282645225524902344e-01
3.639822006225585938e+00
1.879317760467529297e-01
2.863350868225097656e+00
1.413001894950866699e+00
1.618708610534667969e+00
-4.087586879730224609e+00
4.447318077087402344e+00
-2.255697250366210938e+00
2.816715955734252930e+00
-1.820720434188842773e-01
-1.093395233154296875e+00
2.782653808593750000e+00
2.246938705444335938e+00
-3.216441869735717773e-01
1.410746574401855469e-01
2.733302116394042969e+00
-7.191822528839111328e-01
-1.421078920364379883e+00
1.505705714225769043e-01
-2.977818965911865234e+00
4.492281913757324219e+00
-7.254489660263061523e-01
3.066824436187744141e+00
1.797494649887084961e+00
4.730460643768310547e+00
3.420436143875122070e+00
-2.523476123809814453e+00
1.698890209197998047e+00
4.112231731414794922e+00
1.530327916145324707e+00
-2.132380723953247070e+00
9.276537299156188965e-01
2.880210876464843750e-01
3.418595314025878906e+00
3.830699920654296875e-01
5.210886478424072266e+00
2.128571033477783203e+00
1.522551894187927246e+00
6.228446483612060547e+00
1.674937605857849121e-01
-1.700811386108398438e-01
3.697387695312500000e+00
2.078145742416381836e-01
4.360933899879455566e-01
1.928359270095825195e+00
2.636455059051513672e+00
-1.897539615631103516e+00
4.061452388763427734e+00
-1.289065837860107422e+00
-1.606047153472900391e-01
-2.930866956710815430e+00
2.518482208251953125e+00
2.381032943725585938e+00
2.055671691894531250e+00
1.256741762161254883e+00
6.729260444641113281e+00
2.765032768249511719e+00
2.463598251342773438e+00
1.815819740295410156e+00
1.206479549407958984e+00
1.043037414550781250e+00
-1.217115163803100586e+00
3.652804613113403320e+00
-9.586377143859863281e-01
1.477072238922119141e+00
4.210646152496337891e-01
-1.454999446868896484e-01
7.307883501052856445e-01
4.634592533111572266e-01
-4.248085021972656250e-01
3.033580303192138672e+00
-8.187630176544189453e-01
8.323256969451904297e-01
