7.041873455047607422e+00 6.574211597442626953e+00
-1.481790065765380859e+01 1.172175979614257812e+01
-1.343542098999023438e+00 -4.716128349304199219e+00
-4.685640335083007812e-01 1.856551361083984375e+01
-2.079770565032958984e+00 1.184476089477539062e+01
1.672960662841796875e+01 3.525583505630493164e+00
4.428032398223876953e+00 -1.894195556640625000e+01
-1.380049800872802734e+01 5.841839313507080078e+00
-8.050229072570800781e+00 6.909056186676025391e+00
1.684645462036132812e+01 5.693621158599853516e+00
-4.391111373901367188e+00 4.150214195251464844e+00
-1.917142868041992188e+01 -4.018116474151611328e+00
1.967084121704101562e+01 -3.741080760955810547e+00
1.289062881469726562e+01 3.707060337066650391e+00
-6.966397762298583984e+00 9.294909477233886719e+00
-8.833456993103027344e+00 4.576597690582275391e+00
-3.389108180999755859e-01 4.219080924987792969e+00
-3.052935361862182617e+00 1.598036766052246094e+01
-3.791576862335205078e+00 1.321711540222167969e+01
6.667649269104003906e+00 1.117081165313720703e+01
-6.759025573730468750e+00 -1.010115814208984375e+01
1.381903076171875000e+01 8.305674552917480469e+00
7.184528350830078125e+00 -5.482943058013916016e+00
6.241755008697509766e+00 2.361894416809082031e+01
-4.651832580566406250e+00 -7.914780639111995697e-03
-7.020028114318847656e+00 -2.085760879516601562e+01
-1.681140899658203125e+01 4.409981727600097656e+00
-1.572368144989013672e+01 6.565987586975097656e+00
1.649782776832580566e+00 3.072201013565063477e+00
-4.750019013881683350e-01 1.223138904571533203e+01
-1.317521095275878906e+00 3.958351612091064453e+00
-1.024543857574462891e+01 -1.188126087188720703e+01
-6.651955604553222656e+00 8.599281907081604004e-01
-7.447964668273925781e+00 8.511653900146484375e+00
3.451397180557250977e+00 1.869983792304992676e+00
7.662644386291503906e+00 -7.957634925842285156e+00
3.040634840726852417e-02 -3.354612827301025391e+00
1.475906753540039062e+01 -1.024234008789062500e+01
-4.495106220245361328e+00 1.532640838623046875e+01
1.606525611877441406e+01 1.918356418609619141e+00
-6.365151882171630859e+00 -1.611520004272460938e+01
1.274174213409423828e+01 3.762091398239135742e+00
1.855354070663452148e+00 -1.115120697021484375e+01
1.632384181022644043e+00 1.183143424987792969e+01
-1.682288646697998047e+00 -1.962360954284667969e+01
6.816113471984863281e+00 7.818605899810791016e-01
-7.933883666992187500e+00 -1.110794448852539062e+01
5.003890514373779297e+00 -4.405292987823486328e+00
-1.911651802062988281e+01 4.274767875671386719e+00
-1.291266345977783203e+01 1.326413631439208984e+00
5.284152030944824219e+00 1.544837760925292969e+01
-1.340392684936523438e+01 -1.394329547882080078e+01
1.294301223754882812e+01 -8.513322830200195312e+00
5.079190135002136230e-01 -5.829051733016967773e-01
1.887097358703613281e+01 2.613674998283386230e-01
-9.566232681274414062e+00 -3.333551645278930664e+00
-4.722323894500732422e+00 -1.279038429260253906e+01
2.076906681060791016e+00 -8.164412975311279297e-01
1.507102394104003906e+01 1.651763200759887695e+00
-9.641427993774414062e+00 -2.102028083801269531e+01
-1.237814426422119141e+01 1.138904762268066406e+01
-1.380800151824951172e+01 -4.572447776794433594e+00
9.537933349609375000e+00 6.432580947875976562e-01
-1.112114048004150391e+01 1.418766784667968750e+01
6.103384494781494141e-01 5.726169586181640625e+00
8.667916297912597656e+00 -9.693933486938476562e+00
-9.245985031127929688e+00 1.061224555969238281e+01
4.592551708221435547e+00 1.139755630493164062e+01
-1.060787010192871094e+01 -2.261435985565185547e+00
5.956847190856933594e+00 5.781298637390136719e+00
-1.167737960815429688e+01 -2.452071189880371094e+00
1.132264232635498047e+01 -5.297637939453125000e+00
-1.324139785766601562e+01 5.385081291198730469e+00
-1.101045846939086914e+00 -2.272071838378906250e+00
8.891831398010253906e+00 1.352264595031738281e+01
6.486061096191406250e+00 1.519863891601562500e+01
1.304694366455078125e+01 1.469998931884765625e+01
-6.382385253906250000e+00 3.348541736602783203e+00
-3.354745149612426758e+00 -7.569016933441162109e+00
9.776638031005859375e+00 -6.204233646392822266e+00
-5.503959655761718750e-01 1.107779145240783691e+00
-1.040620803833007812e+01 8.987227439880371094e+00
-3.097505569458007812e+00 2.131179046630859375e+01
-1.788338470458984375e+01 -7.529341697692871094e+00
-1.889406776428222656e+01 2.619289875030517578e+00
-1.812671542167663574e+00 6.279724121093750000e+00
1.106432914733886719e+01 -1.309261441230773926e+00
-2.167789697647094727e+00 6.988181591033935547e+00
-3.802716255187988281e+00 3.028165340423583984e+00
-2.521250009536743164e+00 1.524325370788574219e+01
-5.591646432876586914e-01 -7.252026557922363281e+00
-4.288284301757812500e+00 1.475546264648437500e+01
1.918308067321777344e+01 3.627210617065429688e+00
2.203676939010620117e+00 -3.048168182373046875e+01
2.837965774536132812e+01 -7.728461742401123047e+00
-9.334439277648925781e+00 -3.688229918479919434e-01
-1.503871154785156250e+01 9.388275146484375000e+00
1.001027107238769531e+01 -7.248249530792236328e+00
-3.586556673049926758e+00 9.021022796630859375e+00
2.448650741577148438e+01 -1.642934226989746094e+01
8.964391708374023438e+00 7.848869323730468750e+00
1.432365322113037109e+01 1.794325256347656250e+01
4.834590911865234375e+00 -9.507402420043945312e+00
5.335061073303222656e+00 -4.029199600219726562e+00
3.649948596954345703e+00 6.988926887512207031e+00
-1.909924125671386719e+01 -4.645621478557586670e-01
-1.999282717704772949e+00 -1.702086257934570312e+01
-8.267137527465820312e+00 -9.995944976806640625e+00
-4.550704956054687500e-01 -7.573192596435546875e+00
1.412391471862792969e+01 3.287796497344970703e+00
5.468050956726074219e+00 5.487575531005859375e+00
2.451877975463867188e+01 2.171856307983398438e+01
-1.397181272506713867e+00 -7.742475986480712891e+00
-5.971870422363281250e-01 -1.144386100769042969e+01
-3.953509330749511719e+00 -6.726577281951904297e+00
-7.275393605232238770e-01 -2.514629840850830078e+00
1.603534126281738281e+01 1.153175592422485352e+00
7.451014518737792969e+00 -1.025202751159667969e+01
-9.686026573181152344e+00 -2.429051548242568970e-01
-9.147203445434570312e+00 -1.157622718811035156e+01
-1.889262080192565918e+00 9.613078236579895020e-01
-1.374481296539306641e+01 6.640486240386962891e+00
-1.412837791442871094e+01 1.615423202514648438e+01
-2.484894990921020508e+00 1.670774841308593750e+01
-1.645672225952148438e+01 -4.553173184394836426e-01
5.088007450103759766e-01 -1.776201844215393066e+00
3.037770748138427734e+00 1.059259295463562012e+00
-1.024112291634082794e-02 1.289677143096923828e+00
-1.193095803260803223e+00 -2.049837303161621094e+01
-6.811191558837890625e+00 -3.493218421936035156e+00
-3.699564933776855469e+00 -2.275953769683837891e+00
8.242242813110351562e+00 -3.793727874755859375e+00
-4.726314067840576172e+00 -1.235016441345214844e+01
6.978865623474121094e+00 3.619957208633422852e+00
4.701396942138671875e+00 -4.782765805721282959e-01
1.215693473815917969e+01 -2.083516120910644531e+00
2.940146923065185547e+00 -8.740402221679687500e+00
-1.823568534851074219e+01 -2.831179141998291016e+00
1.071078872680664062e+01 -1.856327438354492188e+01
8.739316463470458984e-01 4.699091911315917969e-01
-2.638745117187500000e+01 6.046017646789550781e+00
9.272380828857421875e+00 1.476225852966308594e+01
7.501945018768310547e+00 -5.526136398315429688e+00
-4.449717044830322266e+00 -2.147356420755386353e-01
7.850737094879150391e+00 3.211650252342224121e-01
-2.810219573974609375e+01 5.231217861175537109e+00
-8.248672485351562500e+00 -1.699795913696289062e+01
3.279816865921020508e+00 1.491979241371154785e+00
-6.462807655334472656e+00 1.210596466064453125e+01
5.802322387695312500e+00 1.210696792602539062e+01
-9.053915977478027344e+00 -1.416805267333984375e+00
6.245915889739990234e+00 5.585377216339111328e+00
9.435826539993286133e-01 -6.283462047576904297e+00
-7.723206996917724609e+00 4.603774547576904297e+00
8.975990861654281616e-02 7.318298816680908203e+00
1.910007148981094360e-01 1.184980964660644531e+01
-3.360502243041992188e+00 7.267761230468750000e+00
5.622056961059570312e+00 1.451251029968261719e+00
-1.469599723815917969e+01 -1.384531497955322266e+01
3.729005098342895508e+00 -1.255114173889160156e+01
7.800984859466552734e+00 9.462587356567382812e+00
-1.930728721618652344e+01 1.061504840850830078e+01
2.321640729904174805e+00 -1.281450462341308594e+01
1.418136405944824219e+01 -1.451537990570068359e+01
-6.294265747070312500e+00 1.343959999084472656e+01
3.182202875614166260e-01 1.715844988822937012e+00
-3.958362638950347900e-01 -2.213179016113281250e+01
1.656405639648437500e+01 -1.543150424957275391e+01
-1.878475189208984375e+00 2.433163642883300781e+00
-3.628436565399169922e+00 -1.355129623413085938e+01
-4.115502834320068359e+00 -4.245803356170654297e+00
5.537493228912353516e+00 2.257292938232421875e+01
-5.434356689453125000e+00 -5.651021480560302734e+00
-6.852107524871826172e+00 -2.112456512451171875e+01
1.110612010955810547e+01 4.548639774322509766e+00
-1.068255305290222168e+00 -6.317116737365722656e+00
8.802474975585937500e+00 6.260492324829101562e+00
-4.705008506774902344e+00 7.313268780708312988e-01
-2.910471343994140625e+01 4.657537460327148438e+00
-2.773951292037963867e+00 7.241494655609130859e+00
-6.392957687377929688e+00 -5.180496215820312500e+00
-1.241732501983642578e+01 -9.293580055236816406e+00
1.147471523284912109e+01 6.039649844169616699e-01
1.693983793258666992e+00 -3.240264058113098145e-01
-7.794000625610351562e+00 9.193169593811035156e+00
2.444440126419067383e-01 -1.148415374755859375e+01
-1.755985617637634277e+00 -1.600216627120971680e+00
-3.434874773025512695e+00 -1.597942256927490234e+01
8.449228286743164062e+00 3.053248822689056396e-01
-7.665109634399414062e+00 -2.270792961120605469e+00
-9.550639986991882324e-01 -7.086806297302246094e+00
1.109370708465576172e+01 2.145565032958984375e+00
8.296995162963867188e+00 -1.445851707458496094e+01
-1.969585657119750977e+00 -6.816634654998779297e+00
2.594974994659423828e+00 -5.412976264953613281e+00
-5.237076759338378906e+00 -1.588389205932617188e+01
2.822635650634765625e+01 -1.522142648696899414e+00
1.214590072631835938e+01 1.160209083557128906e+01
8.301045417785644531e+00 3.322642803192138672e+00
-5.184323787689208984e+00 1.725595092773437500e+01
-2.400601148605346680e+00 1.214143276214599609e+01
-1.038816547393798828e+01 -1.874759483337402344e+01
2.568984985351562500e+00 3.436928272247314453e+00
-2.523756027221679688e+01 1.947019338607788086e+00
1.223011207580566406e+01 6.553441047668457031e+00
-3.689909934997558594e+00 5.714636445045471191e-01
1.083828830718994141e+01 -2.074434280395507812e+00
1.782665014266967773e+00 -2.453285694122314453e+00
-1.248458671569824219e+01 -5.034255504608154297e+00
-1.143449020385742188e+01 -2.602741622924804688e+01
-1.075265884399414062e+01 1.541909027099609375e+01
6.672966003417968750e+00 -6.022738933563232422e+00
6.005733489990234375e+00 -2.576844215393066406e+00
-1.813407135009765625e+01 -1.289823150634765625e+01
1.299291729927062988e+00 -1.518549823760986328e+01
8.087269783020019531e+00 -6.412642002105712891e+00
-1.020267963409423828e+01 4.217079162597656250e+00
-3.747140169143676758e+00 5.189141273498535156e+00
7.316274642944335938e-01 1.165745353698730469e+01
4.377240180969238281e+00 -3.313125371932983398e-01
-2.086124610900878906e+01 1.167579555511474609e+01
-7.795264720916748047e-01 -1.053643989562988281e+01
-3.399631977081298828e+00 -6.009058475494384766e+00
-6.665598869323730469e+00 4.671186447143554688e+00
-2.084765625000000000e+01 -1.724686813354492188e+01
3.268104791641235352e+00 -1.336224973201751709e-01
-9.584292411804199219e+00 3.739650487899780273e+00
4.868566513061523438e+00 -2.634250640869140625e+00
5.248203277587890625e+00 -1.749386787414550781e+01
1.134942150115966797e+01 -4.968811511993408203e+00
-2.515630722045898438e+00 3.447319030761718750e+00
4.601810932159423828e+00 -1.369517898559570312e+01
-6.155947685241699219e+00 -1.038583368062973022e-01
6.927421569824218750e+00 9.185283660888671875e+00
5.544812202453613281e+00 4.414429664611816406e+00
-1.723735332489013672e+00 1.761179161071777344e+01
1.648310899734497070e+00 -9.682308197021484375e+00
6.788127422332763672e+00 -1.756423830986022949e+00
-5.180878162384033203e+00 -5.585309982299804688e+00
1.573482894897460938e+01 -6.853262901306152344e+00
1.157398700714111328e+01 5.469146251678466797e+00
6.083917140960693359e+00 -1.270658588409423828e+01
-7.961398124694824219e+00 -1.523452854156494141e+01
6.230272293090820312e+00 3.734018802642822266e+00
5.639417648315429688e+00 -7.054416656494140625e+00
-1.050475883483886719e+01 4.051560878753662109e+00
1.172595405578613281e+01 1.212745189666748047e+01
-4.657609939575195312e+00 7.084161758422851562e+00
4.475983619689941406e+00 -9.659254074096679688e+00
4.066916942596435547e+00 3.374558389186859131e-01
5.326171875000000000e+00 -2.032816410064697266e+00
2.035058021545410156e+00 -2.927289962768554688e+00
1.477900981903076172e+01 7.522938728332519531e+00
-1.269784164428710938e+01 4.906464815139770508e-01
2.788265943527221680e+00 1.233638572692871094e+01
-1.146955013275146484e+01 1.303574085235595703e+00
1.113199138641357422e+01 6.191717147827148438e+00
-6.312349438667297363e-01 -9.158136367797851562e+00
5.053727149963378906e+00 -1.046652317047119141e+00
2.366155147552490234e+00 1.202646255493164062e+01
-1.491737842559814453e+01 -1.717055439949035645e-01
-1.625685501098632812e+01 1.945437192916870117e+00
-1.635998535156250000e+01 -1.074092674255371094e+01
-1.979514694213867188e+01 1.642099761962890625e+01
-1.409503555297851562e+01 1.132114505767822266e+01
-6.684312820434570312e+00 -1.426439173519611359e-02
5.015318989753723145e-01 -6.587433338165283203e+00
1.166898155212402344e+01 -1.858180618286132812e+01
-2.048146724700927734e+00 6.337786912918090820e-01
1.061308383941650391e+00 -4.384514808654785156e+00
-5.773716926574707031e+00 7.507824420928955078e+00
-7.271369934082031250e+00 1.500026798248291016e+01
1.910554122924804688e+01 6.207541942596435547e+00
2.259420752525329590e-01 1.771369552612304688e+01
2.243441772460937500e+01 3.416338348388671875e+01
-1.250230026245117188e+01 -1.771270942687988281e+01
-1.908000564575195312e+01 8.490892410278320312e+00
-2.387300491333007812e+01 -4.728712081909179688e+00
-1.851644754409790039e+00 6.827328205108642578e+00
-2.984287500381469727e+00 1.859498214721679688e+01
-2.028943300247192383e+00 2.851197123527526855e-01
-8.741228103637695312e+00 -1.490823841094970703e+01
-2.658367919921875000e+01 -1.062083244323730469e+01
3.832858085632324219e+00 6.254513263702392578e+00
-3.216572761535644531e+00 6.309856414794921875e+00
-4.560107231140136719e+00 1.797496604919433594e+01
-4.486083507537841797e+00 -3.487267494201660156e+00
-5.356423377990722656e+00 -7.533087253570556641e+00
-7.912850379943847656e+00 -1.666688156127929688e+01
-6.192187309265136719e+00 8.232143402099609375e+00
1.275222778320312500e+01 2.439692497253417969e+01
5.716457366943359375e+00 1.904351043701171875e+01
-6.599311828613281250e-01 -6.313602447509765625e+00
1.739909362792968750e+01 -1.244232940673828125e+01
1.189227122813463211e-02 3.328605890274047852e+00
1.480513381958007812e+01 1.880667877197265625e+01
-1.503640651702880859e+01 -1.252465724945068359e+01
2.791230440139770508e+00 -1.337703895568847656e+01
-7.584420204162597656e+00 -8.612068176269531250e+00
-2.142117738723754883e+00 -9.219695091247558594e+00
-2.541103553771972656e+01 8.496083259582519531e+00
7.501976013183593750e+00 -9.763127326965332031e+00
2.066488027572631836e+00 -5.507767200469970703e-01
-1.265454196929931641e+01 -8.496831893920898438e+00
-1.315498733520507812e+01 -1.017420578002929688e+01
3.445990562438964844e+00 -4.791789531707763672e+00
6.402933120727539062e+00 1.093126392364501953e+01
1.596144294738769531e+01 3.474453449249267578e+00
-1.048247337341308594e+01 2.506649780273437500e+01
-6.585224151611328125e+00 8.278574943542480469e+00
1.009268379211425781e+01 -1.692493629455566406e+01
-1.408653831481933594e+01 7.023821353912353516e+00
1.948433876037597656e+01 -5.869061470031738281e+00
-1.252014160156250000e+01 7.801771163940429688e+00
-4.935879230499267578e+00 8.667157173156738281e+00
8.484589576721191406e+00 -6.350619316101074219e+00
1.943688273429870605e+00 -1.261145114898681641e+01
4.059550464153289795e-01 -1.332643628120422363e+00
7.436563968658447266e+00 1.063753223419189453e+01
2.470617103576660156e+01 -8.949951171875000000e+00
-1.093097877502441406e+01 9.652174949645996094e+00
-1.192164778709411621e+00 3.051359939575195312e+01
2.132281494140625000e+01 -1.291758918762207031e+01
-6.106979846954345703e-01 4.985398292541503906e+00
5.917870998382568359e+00 1.121635675430297852e+00
7.391729950904846191e-01 -1.505077838897705078e+01
6.448208093643188477e-01 -1.055101491510868073e-02
-7.145082473754882812e+00 4.582010269165039062e+00
6.577908992767333984e+00 -6.940053939819335938e+00
-1.746786236763000488e-01 2.156905457377433777e-02
-1.631774330139160156e+01 -3.269239902496337891e+00
-4.682714462280273438e+00 -1.092545032501220703e+01
2.720098495483398438e+00 2.635720729827880859e+00
-3.230892181396484375e+00 -8.345493316650390625e+00
-8.072036743164062500e+00 1.322064208984375000e+01
-2.845820903778076172e+00 -6.504201889038085938e+00
1.102789402008056641e+01 4.246303558349609375e+00
-3.282885313034057617e+00 1.274052047729492188e+01
8.939717292785644531e+00 -2.672901630401611328e+00
1.247153854370117188e+01 -9.645810127258300781e+00
7.947516918182373047e+00 1.671834945678710938e+00
-1.231612205505371094e+01 1.879135251045227051e+00
1.224879837036132812e+01 -1.297451210021972656e+01
-4.445941925048828125e+00 1.010671997070312500e+01
-1.486574268341064453e+01 6.137536168098449707e-01
8.603499412536621094e+00 1.231643486022949219e+01
-1.405716180801391602e+00 9.368330240249633789e-01
-7.665763854980468750e+00 3.071421086788177490e-01
7.267140865325927734e+00 1.629633140563964844e+01
1.162445831298828125e+01 -3.451184272766113281e+00
-5.650391578674316406e+00 -4.969378709793090820e-01
-2.400284051895141602e+00 -2.010407447814941406e+01
-8.411478996276855469e-01 1.201878547668457031e+01
-4.245482444763183594e+00 1.717729687690734863e+00
5.095011711120605469e+00 -1.291425323486328125e+01
1.774646377563476562e+01 -4.261580467224121094e+00
1.423641777038574219e+01 -6.550160050392150879e-01
-9.623877525329589844e+00 1.356507539749145508e+00
8.620682716369628906e+00 9.669817924499511719e+00
-2.436075401306152344e+01 -2.006821823120117188e+01
1.275248289108276367e+00 8.558864593505859375e+00
1.227170825004577637e+00 -9.606425285339355469e+00
-7.993247032165527344e+00 -3.022540092468261719e+00
1.322412586212158203e+01 4.443326473236083984e+00
4.490516185760498047e+00 5.284738063812255859e+00
-3.724809169769287109e+00 -8.845728635787963867e-01
-9.816434383392333984e-01 -6.827159881591796875e+00
-2.188799285888671875e+01 1.796774673461914062e+01
-1.047151660919189453e+01 -9.247664451599121094e+00
6.442718505859375000e+00 6.565037727355957031e+00
-1.766077232360839844e+01 6.911165118217468262e-01
8.738182067871093750e+00 -7.964658737182617188e+00
-3.343094587326049805e+00 -7.913573265075683594e+00
-1.477575421333312988e+00 -2.118424415588378906e+01
-1.930118680000305176e+00 -1.280012035369873047e+01
-2.819443941116333008e+00 1.996642875671386719e+01
1.710350227355957031e+01 -1.926939773559570312e+01
-2.570421695709228516e+00 1.042674660682678223e+00
-9.423642158508300781e+00 -1.054065132141113281e+01
4.755763530731201172e+00 1.310628533363342285e+00
-4.273306846618652344e+00 -8.702320098876953125e+00
7.560327053070068359e+00 9.482650756835937500e+00
1.369409370422363281e+01 6.503212451934814453e+00
2.734526443481445312e+01 -9.506405830383300781e+00
-1.215347385406494141e+01 7.307313919067382812e+00
-9.466658592224121094e+00 1.267003917694091797e+01
4.190268039703369141e+00 7.991909980773925781e+00
-5.647853612899780273e-01 -4.305722236633300781e+00
-1.670505714416503906e+01 -3.804533958435058594e+00
-1.982898473739624023e+00 1.906721830368041992e+00
2.861877441406250000e+00 1.281897735595703125e+01
-4.526124954223632812e+00 9.350788116455078125e+00
-2.020171928405761719e+01 -1.653777694702148438e+01
-1.059097385406494141e+01 2.422506523132324219e+01
2.922518253326416016e+00 -9.916085243225097656e+00
1.005667877197265625e+01 -8.796421051025390625e+00
-1.587149381637573242e+00 1.134991836547851562e+01
-8.744026184082031250e+00 3.909626960754394531e+00
5.084731101989746094e+00 -6.655212402343750000e+00
-1.065568542480468750e+01 3.780119180679321289e+00
-5.915026187896728516e+00 9.973182678222656250e+00
1.178090000152587891e+01 -1.599045562744140625e+01
1.802821040153503418e+00 -2.954330825805664062e+01
1.151744747161865234e+01 -7.129569530487060547e+00
-4.774417400360107422e+00 -8.189791679382324219e+00
-2.071918106079101562e+01 1.632871055603027344e+01
8.041110992431640625e+00 -1.263723182678222656e+01
-2.842169761657714844e+00 9.635634422302246094e+00
7.815819382667541504e-01 1.041481113433837891e+01
6.591730594635009766e+00 -5.852334499359130859e+00
-3.588713407516479492e+00 1.264484214782714844e+01
-4.453222751617431641e+00 2.651747703552246094e+00
-1.986186504364013672e+00 2.195403099060058594e+00
-1.197057589888572693e-01 -3.162145853042602539e+00
-1.094825267791748047e+01 -1.032283210754394531e+01
-1.710247755050659180e+00 -1.405464076995849609e+01
-4.772316455841064453e+00 -8.578634262084960938e-02
6.999075412750244141e+00 -2.404005050659179688e+00
-1.845338582992553711e+00 1.110100555419921875e+01
1.482526302337646484e+01 1.154124259948730469e+01
-3.804541587829589844e+00 -3.026634216308593750e+00
-1.275619602203369141e+01 -4.547734260559082031e+00
1.963318061828613281e+01 -2.977087974548339844e+00
-1.021069145202636719e+01 3.037624120712280273e+00
-1.022323226928710938e+01 -7.787015914916992188e+00
2.096969795227050781e+01 -9.397431373596191406e+00
-2.046065902709960938e+01 -1.814935684204101562e+01
1.420135307312011719e+01 5.114445209503173828e+00
1.050983905792236328e+01 1.513851070404052734e+01
-2.825375556945800781e+00 -9.613055229187011719e+00
-8.512072563171386719e+00 -3.822260856628417969e+00
1.793382072448730469e+01 1.705952835083007812e+01
5.915226459503173828e+00 1.375737667083740234e+01
-2.757938861846923828e+00 -1.555795574188232422e+01
-1.654960250854492188e+01 -1.692043876647949219e+01
-1.375085639953613281e+01 9.027528762817382812e-01
2.860924720764160156e+00 1.135598301887512207e+00
2.701150417327880859e+00 -6.682930886745452881e-02
7.169462203979492188e+00 -5.033615112304687500e+00
-5.235620021820068359e+00 7.773224830627441406e+00
3.451256275177001953e+00 1.798066329956054688e+01
-1.251026535034179688e+01 -1.676893615722656250e+01
-2.002450561523437500e+01 -1.903798460960388184e+00
1.076762318611145020e+00 -1.746324062347412109e+00
1.268631362915039062e+01 -6.537678241729736328e+00
2.055155038833618164e+00 -2.806761169433593750e+01
-3.444891452789306641e+00 -5.911162588745355606e-03
7.317381858825683594e+00 1.037297344207763672e+01
-4.324944496154785156e+00 -1.011711120605468750e+00
-2.072254943847656250e+01 -7.934136867523193359e+00
-3.148744344711303711e+00 4.037187576293945312e+00
-5.106261253356933594e+00 -3.462934732437133789e+00
5.113090991973876953e+00 -3.224150538444519043e-01
-1.288738441467285156e+01 -9.771741867065429688e+00
1.264241218566894531e+01 6.633872509002685547e+00
-1.000509262084960938e+01 3.714828968048095703e+00
-1.845252990722656250e+00 -3.294806718826293945e+00
2.851586580276489258e+00 -8.550972938537597656e+00
-1.143699836730957031e+01 7.842020988464355469e+00
1.444402694702148438e+01 -2.924265526235103607e-02
1.136391544342041016e+01 -2.233748197555541992e+00
3.309975862503051758e+00 -9.787163734436035156e-01
9.975308418273925781e+00 6.178376674652099609e-01
-3.457116782665252686e-01 6.310090541839599609e+00
2.783863544464111328e+00 1.290517234802246094e+01
-1.062715721130371094e+01 4.774853229522705078e+00
1.417157936096191406e+01 1.600043869018554688e+01
9.017500877380371094e+00 -9.242712020874023438e+00
-1.456376934051513672e+01 -6.019747853279113770e-01
5.930470466613769531e+00 4.003221392631530762e-01
1.657862854003906250e+01 1.059212875366210938e+01
-1.099652099609375000e+01 1.949182271957397461e+00
-3.174510955810546875e+00 -3.285809993743896484e+00
-1.188946819305419922e+01 -6.671953201293945312e-01
1.999164390563964844e+01 -2.334992218017578125e+01
4.923274040222167969e+00 1.570183753967285156e+01
3.207708597183227539e+00 -1.477425217628479004e+00
-1.115964317321777344e+01 1.607031059265136719e+01
8.306909561157226562e+00 -1.278012394905090332e+00
-1.250180435180664062e+01 -4.096130371093750000e+00
1.729940795898437500e+01 1.433299064636230469e+01
1.364418411254882812e+01 -2.735632658004760742e+00
-7.470842361450195312e+00 8.422487378120422363e-01
3.008357286453247070e+00 1.086353182792663574e+00
-9.362810134887695312e+00 -4.939446449279785156e+00
2.191498756408691406e+01 1.180225849151611328e+00
6.471247673034667969e+00 1.160916519165039062e+01
1.748723220825195312e+01 1.958050847053527832e+00
-1.349184989929199219e+00 -5.525579929351806641e+00
-5.897098064422607422e+00 4.574226379394531250e+00
2.597481918334960938e+01 1.348742008209228516e+01
-1.004349899291992188e+01 -3.326919078826904297e+00
7.787129282951354980e-01 -8.644929885864257812e+00
2.343804597854614258e+00 -8.790716171264648438e+00
-1.089027500152587891e+01 9.854236602783203125e+00
-1.655287551879882812e+01 -1.331668758392333984e+01
-3.447729587554931641e+00 7.811042785644531250e+00
1.815475082397460938e+01 -3.967897415161132812e+00
1.264697933197021484e+01 6.975260257720947266e+00
-1.518428206443786621e+00 -1.141732692718505859e+01
-6.334576129913330078e+00 -8.767422676086425781e+00
2.594808387756347656e+01 1.173663902282714844e+01
3.143871068954467773e+00 9.545150756835937500e+00
-5.507774353027343750e+00 5.887080430984497070e-01
-1.402293777465820312e+01 -1.130909442901611328e+01
-9.952717781066894531e+00 9.505459785461425781e+00
1.573677921295166016e+01 -1.941086530685424805e+00
-3.869406878948211670e-01 -7.966393470764160156e+00
-1.060744094848632812e+01 4.499859333038330078e+00
-8.737367630004882812e+00 1.254860019683837891e+01
4.279009103775024414e-01 1.394438743591308594e+01
1.200245857238769531e+01 4.179243743419647217e-01
9.845395088195800781e+00 1.786100745201110840e+00
1.608130455017089844e+01 3.051910018920898438e+01
1.296749877929687500e+01 -4.291639328002929688e+00
-6.977539062500000000e+00 2.510251045227050781e+00
4.772011756896972656e+00 -3.948596000671386719e+00
-8.448359489440917969e+00 -1.226811885833740234e+01
1.312502861022949219e+01 3.211224555969238281e+00
-2.440514564514160156e+01 7.109007239341735840e-01
3.680980682373046875e+00 7.314083099365234375e+00
-2.698396444320678711e+00 -1.883612060546875000e+01
5.211677551269531250e+00 2.020640850067138672e+00
1.359039211273193359e+01 -2.102763366699218750e+01
-6.252427101135253906e+00 8.330244064331054688e+00
5.948407173156738281e+00 -2.190271854400634766e+00
1.174014854431152344e+01 5.993266582489013672e+00
-6.982347488403320312e+00 -2.555717229843139648e-01
8.522360801696777344e+00 -2.161943674087524414e+00
-2.339674234390258789e+00 -8.928900718688964844e+00
-7.052729606628417969e+00 1.505644607543945312e+01
7.460789680480957031e+00 1.250713318586349487e-01
-7.080355644226074219e+00 -6.448386192321777344e+00
9.755446434020996094e+00 -7.374403476715087891e+00
-4.725722312927246094e+00 -3.199610233306884766e+00
-4.443760871887207031e+00 -6.053595542907714844e+00
-4.173047065734863281e+00 1.475646591186523438e+01
-1.413127326965332031e+01 7.177121639251708984e-01
-1.480620479583740234e+01 -7.817417383193969727e-01
-6.705154418945312500e+00 -1.898243904113769531e+01
4.970292568206787109e+00 -9.371251106262207031e+00
3.769261837005615234e+00 3.656256794929504395e-01
2.888272285461425781e+00 -9.105886459350585938e+00
-8.893665313720703125e+00 7.640826225280761719e+00
8.209765434265136719e+00 9.023800849914550781e+00
-2.458004760742187500e+01 -1.645319175720214844e+01
-7.455580830574035645e-01 9.247302055358886719e+00
6.818027019500732422e+00 3.962697744369506836e+00
1.099831390380859375e+01 7.153501987457275391e+00
-7.687697410583496094e+00 8.376256942749023438e+00
-7.299546003341674805e-01 -1.318386936187744141e+01
7.033404350280761719e+00 -1.342339134216308594e+01
1.774193954467773438e+01 -1.171996021270751953e+01
-9.661979675292968750e+00 6.960003852844238281e+00
-6.310692787170410156e+00 -6.740419864654541016e+00
-1.363302803039550781e+01 6.599475860595703125e+00
3.999433040618896484e+00 -5.900310993194580078e+00
-2.869657993316650391e+00 -1.730806350708007812e+01
-4.608406543731689453e+00 6.991635322570800781e+00
-9.958859443664550781e+00 9.690344810485839844e+00
-1.168949604034423828e+01 4.785698890686035156e+00
-7.229461669921875000e+00 -5.613779544830322266e+00
8.715486526489257812e+00 -5.440464973449707031e+00
-1.063483810424804688e+01 8.417148590087890625e+00
-1.998342424631118774e-01 2.618520498275756836e+00
2.309169769287109375e+01 -1.025368881225585938e+01
6.775009632110595703e+00 3.630950927734375000e+00
1.669427108764648438e+01 1.497914791107177734e+00
1.583587741851806641e+01 1.087012863159179688e+01
-4.960687160491943359e+00 2.405455112457275391e+00
1.411618423461914062e+01 -9.407115578651428223e-01
-6.586253643035888672e+00 -4.486312389373779297e+00
-3.241321802139282227e+00 8.193822860717773438e+00
9.080896377563476562e+00 -4.804914474487304688e+00
-1.235191726684570312e+01 -1.737680435180664062e+00
-1.603980827331542969e+01 1.042156124114990234e+01
-5.692391395568847656e+00 1.746669006347656250e+01
1.124683856964111328e+01 -9.635144233703613281e+00
1.191876602172851562e+01 1.836230039596557617e+00
-3.545874118804931641e+00 1.261750984191894531e+01
-1.142746734619140625e+01 -2.110711574554443359e+00
-1.497671318054199219e+01 4.116649150848388672e+00
-4.324678421020507812e+00 4.811157226562500000e+00
-4.198837757110595703e+00 -7.978422164916992188e+00
-9.660407066345214844e+00 -7.333770990371704102e-01
-1.796659111976623535e+00 5.792103290557861328e+00
1.612077331542968750e+01 1.419056129455566406e+01
9.700849533081054688e+00 -5.453434944152832031e+00
-1.358391666412353516e+01 -1.654032135009765625e+01
-1.238984012603759766e+01 -1.239976406097412109e+01
1.834604644775390625e+01 6.587578773498535156e+00
-5.064502716064453125e+00 -3.601132583618164062e+01
8.318382263183593750e+00 -5.293233871459960938e+00
-1.477301001548767090e+00 -1.435050725936889648e+00
-1.372265815734863281e+01 1.281363677978515625e+01
-7.718832492828369141e+00 1.489777565002441406e+01
7.327416419982910156e+00 6.338753223419189453e+00
4.709689140319824219e+00 4.716219902038574219e+00
2.018137741088867188e+01 6.904375553131103516e+00
-1.691164207458496094e+01 -1.824945259094238281e+01
3.669504165649414062e+00 1.626009368896484375e+01
-4.839898109436035156e+00 -2.591974735260009766e+00
4.450196743011474609e+00 5.492594718933105469e+00
-1.826892852783203125e+01 1.774451851844787598e+00
6.628188133239746094e+00 1.619535064697265625e+01
8.977760314941406250e+00 6.935901045799255371e-01
-4.027425765991210938e+00 -3.284362792968750000e+00
-1.541108512878417969e+01 2.755181193351745605e-01
-4.877417981624603271e-01 -7.781678199768066406e+00
1.828498125076293945e+00 7.096657276153564453e+00
1.009914588928222656e+01 9.887522697448730469e+00
-4.265338778495788574e-01 1.608874201774597168e+00
-1.350535392761230469e+01 6.649386882781982422e+00
-1.629882621765136719e+01 4.026103496551513672e+00
-1.269603252410888672e+01 -2.256815338134765625e+01
1.886621284484863281e+01 1.188170051574707031e+01
-1.049507379531860352e+00 -2.598340511322021484e+00
8.942123413085937500e+00 1.351553916931152344e+00
1.622157287597656250e+01 -2.998199939727783203e+00
-5.198690891265869141e+00 1.322501564025878906e+01
-3.996493339538574219e+00 3.393067359924316406e+00
-2.124245452880859375e+01 -1.762976455688476562e+01
7.641037940979003906e+00 1.726419830322265625e+01
-1.290063953399658203e+01 8.308279037475585938e+00
1.011776924133300781e+01 9.146083831787109375e+00
-1.802894401550292969e+01 -3.417189121246337891e+00
1.083068084716796875e+01 -3.176733016967773438e+01
6.087764501571655273e-01 1.414041042327880859e+01
6.723719596862792969e+00 1.190601921081542969e+01
8.141235351562500000e+00 -1.837722957134246826e-01
-1.649909400939941406e+01 4.744573116302490234e+00
-2.027823448181152344e+01 8.801990509033203125e+00
-9.736883163452148438e+00 -8.822256088256835938e+00
1.564369201660156250e+01 1.203324317932128906e+01
-3.074627518653869629e-01 -1.564083003997802734e+01
6.234538078308105469e+00 2.241051673889160156e+00
5.632557392120361328e+00 3.077056884765625000e+01
-3.914862871170043945e+00 -1.290288829803466797e+01
7.887741088867187500e+00 -1.334772109985351562e+01
-1.906342506408691406e+01 1.530382728576660156e+01
1.345726871490478516e+01 1.000827884674072266e+01
-2.153403282165527344e+01 3.412209033966064453e+00
-6.518574059009552002e-02 5.208540439605712891e+00
-1.406271743774414062e+01 -9.041176795959472656e+00
5.719979286193847656e+00 4.598558425903320312e+00
-8.241214752197265625e+00 -1.005504703521728516e+01
-1.780034828186035156e+01 1.562397575378417969e+01
2.303540229797363281e+01 1.319824028015136719e+01
-1.199842929840087891e+00 -1.028255367279052734e+01
1.033850860595703125e+01 -5.632805347442626953e+00
-4.853175163269042969e+00 -1.028421020507812500e+01
-1.150825023651123047e+01 -6.481739044189453125e+00
4.293808937072753906e+00 -8.394848823547363281e+00
1.598026371002197266e+01 2.533652305603027344e+00
-2.914052009582519531e+00 -2.827070951461791992e-01
1.177422904968261719e+01 -1.347783565521240234e+01
1.152924060821533203e+01 -8.872587203979492188e+00
-4.978118419647216797e+00 5.675472736358642578e+00
5.263371944427490234e+00 -1.971396684646606445e+00
6.478972911834716797e+00 -5.186378479003906250e+00
5.045608520507812500e+00 -1.093170166015625000e+01
6.756099700927734375e+00 1.848734283447265625e+01
1.548597812652587891e+00 -3.191471099853515625e+00
-5.530368685722351074e-01 -6.606061458587646484e+00
1.136358833312988281e+01 -1.332551574707031250e+01
6.709251403808593750e+00 1.407016563415527344e+01
1.216755151748657227e+00 8.046867370605468750e+00
1.314550399780273438e+01 1.673505425453186035e+00
5.166378021240234375e-01 1.297719955444335938e+00
3.661916255950927734e+00 1.223881244659423828e+01
-2.435608148574829102e+00 1.090310859680175781e+01
-1.231621623039245605e+00 -6.212642669677734375e+00
-5.100948810577392578e+00 8.252829551696777344e+00
-3.528009891510009766e+00 8.851329803466796875e+00
1.302220344543457031e+01 8.302356719970703125e+00
-2.324855804443359375e+00 -8.601666450500488281e+00
7.966029167175292969e+00 1.222727584838867188e+01
6.594623565673828125e+00 9.740694046020507812e+00
-2.062574005126953125e+01 3.432810544967651367e+00
-1.429957389831542969e+01 -9.218812942504882812e+00
-4.339602470397949219e+00 -4.453746795654296875e+00
1.586371517181396484e+01 -5.791939496994018555e-01
-1.708719611167907715e+00 6.646481513977050781e+00
5.629357814788818359e+00 -1.190581703186035156e+01
1.771541833877563477e+00 2.363374948501586914e+00
1.680803108215332031e+01 -1.025590038299560547e+01
-3.983659267425537109e+00 -9.474909782409667969e+00
1.524048805236816406e+01 -1.155613899230957031e+00
1.580439805984497070e-01 8.150952339172363281e+00
3.404091358184814453e+00 -1.825321960449218750e+01
-3.696149587631225586e+00 -7.974612236022949219e+00
-4.842799663543701172e+00 -1.263852214813232422e+01
-2.750289201736450195e+00 -2.633568942546844482e-01
-4.278020560741424561e-01 -7.061271190643310547e+00
1.916937065124511719e+01 -6.152396678924560547e+00
-2.243213462829589844e+01 -2.574693918228149414e+00
-6.671868324279785156e+00 7.894478797912597656e+00
2.146386384963989258e+00 5.319450378417968750e+00
-6.379574775695800781e+00 -2.275556182861328125e+01
1.046159744262695312e+01 5.987760543823242188e+00
3.795504808425903320e+00 4.101834893226623535e-01
5.326995849609375000e+00 -1.531229496002197266e+00
5.241210460662841797e+00 9.860700607299804688e+00
-2.666825866699218750e+01 -2.510874271392822266e+00
2.635600805282592773e+00 -3.852814435958862305e+00
2.801486253738403320e+00 -1.750666809082031250e+01
-1.344363117218017578e+01 -7.002136707305908203e+00
-1.068410396575927734e+01 -1.926637840270996094e+01
6.390928745269775391e+00 -2.059321594238281250e+01
7.347338676452636719e+00 -3.180905580520629883e+00
1.081914806365966797e+01 -1.226870775222778320e+00
1.604182481765747070e+00 -1.158233261108398438e+01
5.408821582794189453e+00 -1.310969829559326172e+01
-4.866395473480224609e+00 -4.256883621215820312e+00
-1.117094635963439941e+00 -4.325232028961181641e+00
4.475452423095703125e+00 6.978473663330078125e+00
1.578825378417968750e+01 -4.678131103515625000e+00
-1.710587143898010254e+00 -3.686505317687988281e+00
-3.645770549774169922e+00 -5.667938232421875000e+00
1.200992584228515625e+01 -1.010083103179931641e+01
1.720268964767456055e+00 -1.019775199890136719e+01
-1.075935935974121094e+01 -1.183041381835937500e+01
-4.639624595642089844e+00 5.044661045074462891e+00
1.266767883300781250e+01 5.573931694030761719e+00
-1.089435577392578125e+01 1.070675945281982422e+01
-2.180820703506469727e+00 3.690717458724975586e+00
-4.239955544471740723e-01 1.575672245025634766e+01
-5.240429043769836426e-01 -7.867347002029418945e-01
2.654471397399902344e+00 1.654828906059265137e+00
-1.417454910278320312e+01 -3.729626893997192383e+00
2.631801366806030273e+00 1.382594013214111328e+01
-8.812640190124511719e+00 -1.044857025146484375e+01
-3.596461057662963867e+00 -1.258850860595703125e+01
1.828635406494140625e+01 -1.355638694763183594e+01
-1.006434917449951172e+01 1.547426605224609375e+01
1.334426403045654297e+01 7.163017272949218750e+00
5.263595581054687500e+00 -6.612075805664062500e+00
-4.956074953079223633e-01 -1.715170478820800781e+01
-5.086997985839843750e+00 1.122911930084228516e+01
5.350843429565429688e+00 7.568426609039306641e+00
-1.061528301239013672e+01 2.047727584838867188e+00
-2.348525047302246094e+00 -2.180235862731933594e+01
6.403252601623535156e+00 -6.319083690643310547e+00
1.199142074584960938e+01 6.323409080505371094e+00
-3.328977823257446289e-01 -8.255132675170898438e+00
1.003907585144042969e+01 1.098451733589172363e+00
1.827656555175781250e+01 -1.338746547698974609e+01
-1.141997456550598145e+00 -7.010588645935058594e+00
1.579745531082153320e+00 7.217417955398559570e-01
-9.445632934570312500e+00 -5.381103515625000000e+00
1.863934898376464844e+01 -5.671949863433837891e+00
-1.165865325927734375e+01 -2.269230186939239502e-01
-1.592477989196777344e+01 9.640930175781250000e+00
-7.556350708007812500e+00 7.732583045959472656e+00
9.717937469482421875e+00 -3.927239894866943359e+00
4.782202720642089844e+00 4.452332496643066406e+00
4.023004055023193359e+00 -6.288675308227539062e+00
-4.008956909179687500e+00 8.735514283180236816e-01
-3.920680046081542969e+00 -9.553071022033691406e+00
7.273477554321289062e+00 -1.219421863555908203e+00
2.061998176574707031e+01 -6.043261528015136719e+00
-6.238221645355224609e+00 -2.252512741088867188e+01
1.270611667633056641e+01 -5.347674369812011719e+00
1.843513250350952148e+00 1.244941139221191406e+01
7.187522888183593750e+00 -5.938589096069335938e+00
4.689662933349609375e+00 2.352143287658691406e+00
7.685612678527832031e+00 -8.575000762939453125e+00
-1.231696605682373047e+01 1.809419441223144531e+01
3.387543678283691406e+00 1.316534614562988281e+01
6.287495613098144531e+00 1.581153869628906250e+01
4.090798377990722656e+00 1.987637710571289062e+01
-1.236335849761962891e+01 1.208137607574462891e+01
-1.755123615264892578e+00 1.080191612243652344e+01
-8.353076934814453125e+00 4.070316314697265625e+00
1.076821804046630859e+00 -1.063557624816894531e+01
1.972778129577636719e+01 -1.227624702453613281e+01
5.594389915466308594e+00 -1.111572170257568359e+01
-6.128764629364013672e+00 6.969022750854492188e+00
-1.142227363586425781e+01 -4.648942351341247559e-01
-3.509345531463623047e+00 8.961121559143066406e+00
5.015552520751953125e+00 -7.459437847137451172e+00
2.231901550292968750e+01 5.892574310302734375e+00
-1.435951948165893555e+00 8.555566668510437012e-01
-9.550149917602539062e+00 -8.140853643417358398e-01
2.650840520858764648e+00 -1.283022403717041016e+01
-8.320022583007812500e+00 6.423917770385742188e+00
-1.496823787689208984e+00 1.009951496124267578e+01
1.252569007873535156e+01 6.587644577026367188e+00
3.461646080017089844e+00 -6.205430507659912109e+00
2.309005022048950195e+00 6.422510623931884766e+00
-8.142756223678588867e-01 -4.357442855834960938e+00
1.177114486694335938e+00 1.598146915435791016e+01
4.410566806793212891e+00 -6.117101192474365234e+00
-4.315807342529296875e+00 -1.298804664611816406e+01
6.163673996925354004e-01 7.272341251373291016e+00
5.828771114349365234e+00 2.385968685150146484e+00
4.214168548583984375e+00 7.557594776153564453e-01
-7.591534614562988281e+00 6.205324649810791016e+00
8.731510162353515625e+00 1.115589714050292969e+01
-1.258754348754882812e+01 -7.941182136535644531e+00
9.613058090209960938e+00 -4.587419986724853516e+00
-4.515573978424072266e+00 1.467967128753662109e+01
-1.240096569061279297e+00 -1.520504856109619141e+01
7.886736392974853516e-01 1.114276695251464844e+01
8.380144119262695312e+00 1.309074974060058594e+01
-7.509452819824218750e+00 1.038448810577392578e+01
8.950456619262695312e+00 3.745812892913818359e+00
1.148022460937500000e+01 1.944780945777893066e+00
-2.670302963256835938e+01 -1.281960964202880859e+01
-1.351397037506103516e+00 -6.640781879425048828e+00
1.443363952636718750e+01 -7.988000869750976562e+00
-1.473100280761718750e+01 3.422432899475097656e+00
-3.840824365615844727e+00 -9.598838806152343750e+00
-1.909759140014648438e+01 -1.233161449432373047e+01
3.426930904388427734e+00 7.337054014205932617e-01
4.835105538368225098e-01 -7.577248096466064453e+00
3.300255537033081055e+00 -1.147206783294677734e+01
7.795948982238769531e+00 1.332723236083984375e+01
3.278261423110961914e+00 -1.186180591583251953e+01
-1.180481052398681641e+01 7.468073368072509766e+00
2.078939676284790039e+00 3.073882818222045898e+00
1.094433593750000000e+01 -6.786780834197998047e+00
-1.424867630004882812e+01 -8.325048685073852539e-01
1.102811431884765625e+01 -9.063621520996093750e+00
-1.198488116264343262e+00 -4.296780109405517578e+00
-3.955950736999511719e-01 -8.941430091857910156e+00
1.908466815948486328e+00 -6.140694618225097656e+00
9.296732902526855469e+00 -1.465558242797851562e+01
-6.062269210815429688e+00 -2.015523195266723633e+00
-8.294593811035156250e+00 -5.618666648864746094e+00
7.670696258544921875e+00 -3.691223859786987305e+00
2.444272613525390625e+01 1.373416709899902344e+01
5.131488323211669922e+00 -5.855238437652587891e+00
1.108911991119384766e+01 8.769014358520507812e+00
-8.187377929687500000e+00 8.819429397583007812e+00
-1.899650192260742188e+01 -2.289624929428100586e+00
-9.692180633544921875e+00 -1.354501533508300781e+01
6.868132591247558594e+00 -5.685006141662597656e+00
-1.140032958984375000e+01 -1.267062377929687500e+01
-4.206123828887939453e+00 6.052964210510253906e+00
1.264404678344726562e+01 1.053965568542480469e+01
-7.666925907135009766e+00 -9.834544658660888672e-01
-2.203473806381225586e+00 -3.127659034729003906e+01
1.301360511779785156e+01 7.594072341918945312e+00
3.233029603958129883e+00 9.250355720520019531e+00
-1.703464698791503906e+01 1.483986079692840576e-01
1.835960006713867188e+01 -8.571924209594726562e+00
9.942925453186035156e+00 -6.221323966979980469e+00
8.063803672790527344e+00 -4.445695400238037109e+00
1.296134948730468750e+00 2.107232284545898438e+01
-1.591910123825073242e+00 1.940353202819824219e+01
-1.372230648994445801e+00 1.566537737846374512e+00
-4.127256870269775391e+00 -2.499881029129028320e+00
6.507756710052490234e+00 1.691228628158569336e+00
7.124265432357788086e-01 9.269975662231445312e+00
1.492337608337402344e+01 1.111567115783691406e+01
2.661418437957763672e+00 -9.568294525146484375e+00
-2.195378541946411133e+00 1.056023597717285156e+01
-6.830172061920166016e+00 -1.040009880065917969e+01
3.900185108184814453e+00 4.906860351562500000e+00
-7.398371696472167969e-01 1.320998382568359375e+01
1.201570606231689453e+01 -1.117118263244628906e+01
1.290422248840332031e+01 -3.333784103393554688e+00
-5.835002899169921875e+00 1.674405097961425781e+00
-1.217921447753906250e+01 8.990644454956054688e+00
7.338219165802001953e+00 -3.439500093460083008e+00
1.151275730133056641e+01 2.110565185546875000e+01
-6.726116657257080078e+00 -6.760858535766601562e+00
1.036771774291992188e+01 -1.776707649230957031e+01
2.591523170471191406e+00 -9.619896888732910156e+00
-2.954822778701782227e+00 1.493543529510498047e+01
1.106473541259765625e+01 -1.089313697814941406e+01
-6.198337554931640625e+00 2.623170375823974609e+00
1.451697349548339844e+01 -7.523054122924804688e+00
-5.433247566223144531e+00 -6.244835376739501953e+00
-4.685692310333251953e+00 5.794763565063476562e-01
-2.808743000030517578e+00 -7.621803760528564453e+00
-5.573726654052734375e+00 -1.521662616729736328e+01
1.756916999816894531e+00 -2.683626413345336914e-01
7.633848190307617188e+00 4.496402740478515625e+00
1.664045572280883789e+00 -2.769753694534301758e+00
1.539760589599609375e+01 -4.278753280639648438e+00
-3.186833381652832031e+01 -2.911800861358642578e+00
-2.002914428710937500e+01 -3.009698152542114258e+00
4.838003635406494141e+00 8.906954765319824219e+00
1.459989356994628906e+01 -6.236287117004394531e+00
3.110052108764648438e+00 -1.105800056457519531e+01
-1.407575845718383789e+00 1.041846084594726562e+01
-8.216924667358398438e+00 1.374941349029541016e+01
1.033400154113769531e+01 3.266338825225830078e+00
9.976353645324707031e+00 6.302127361297607422e+00
9.463822364807128906e+00 -1.237831020355224609e+01
-7.067467689514160156e+00 1.647988700866699219e+01
1.124408721923828125e+01 -1.239793300628662109e+00
4.487551212310791016e+00 8.460883140563964844e+00
-5.740549564361572266e+00 -1.145862340927124023e+00
8.791771888732910156e+00 -6.856269836425781250e+00
1.821730232238769531e+01 1.458820247650146484e+01
-2.131543350219726562e+01 -7.329666614532470703e+00
3.317857980728149414e+00 -3.337873220443725586e+00
8.492190361022949219e+00 -3.548775672912597656e+00
-2.907175064086914062e+00 -4.192734718322753906e+00
1.069959831237792969e+01 -8.939579963684082031e+00
8.595878601074218750e+00 -1.373074531555175781e+01
-1.655275106430053711e+00 9.414654731750488281e+00
-1.041082191467285156e+01 1.293645858764648438e+01
2.344227218627929688e+01 -2.091763687133789062e+01
3.983809471130371094e+00 -1.185630702972412109e+01
-1.202641868591308594e+01 -5.927180290222167969e+00
-4.817840456962585449e-01 1.050510787963867188e+01
8.274983406066894531e+00 -6.449590206146240234e+00
5.299624919891357422e+00 6.406879425048828125e+00
-4.669618606567382812e+00 1.753990745544433594e+01
1.541656136512756348e+00 1.500367164611816406e+00
1.693921089172363281e+00 6.169104576110839844e+00
1.576473331451416016e+01 9.884830474853515625e+00
-9.621558189392089844e+00 1.107968902587890625e+01
6.004036664962768555e-01 -1.022008323669433594e+01
5.705984115600585938e+00 3.891279458999633789e+00
-6.135938644409179688e+00 -2.349602890014648438e+01
6.001923561096191406e+00 1.015213489532470703e+00
1.449280977249145508e+00 8.102174758911132812e+00
6.533799171447753906e+00 6.139832496643066406e+00
-3.422573506832122803e-01 -1.233909225463867188e+01
-6.417849540710449219e+00 -6.661453247070312500e+00
-1.421718502044677734e+01 -7.689697265625000000e+00
1.435448741912841797e+01 -2.512392759323120117e+00
-1.126246833801269531e+01 -1.243902587890625000e+01
-6.522924423217773438e+00 -7.374348163604736328e+00
-3.349622726440429688e+00 9.213119506835937500e+00
-5.592379570007324219e+00 1.288843727111816406e+01
-5.600684165954589844e+00 1.863935279846191406e+01
-2.016012001037597656e+01 -5.696101665496826172e+00
1.758322715759277344e+01 -8.686312675476074219e+00
-7.745962619781494141e+00 9.837817192077636719e+00
-3.694500684738159180e+00 1.305183887481689453e+01
-1.525552177429199219e+01 5.660431385040283203e+00
-1.661571502685546875e+00 5.645212650299072266e+00
1.674446868896484375e+01 1.412199497222900391e+01
-1.632631421089172363e+00 5.484380722045898438e+00
1.883130645751953125e+01 1.163200855255126953e+01
7.932982921600341797e+00 -2.979560196399688721e-02
-2.927731037139892578e+00 -2.507232666015625000e+01
4.351783394813537598e-01 3.618588209152221680e+00
-4.010012626647949219e+00 1.435855960845947266e+01
1.338434815406799316e-01 -4.481865882873535156e+00
-5.863152503967285156e+00 -4.380540370941162109e+00
-1.825737357139587402e+00 5.849638462066650391e+00
-1.354205131530761719e+01 -5.623830795288085938e+00
-2.368727207183837891e+00 -4.526450157165527344e+00
-4.498911857604980469e+00 -2.013647842407226562e+01
8.259849548339843750e+00 5.305070400238037109e+00
8.532402992248535156e+00 3.429240942001342773e+00
-1.799184203147888184e+00 1.091157054901123047e+01
-8.433947563171386719e+00 -9.235837936401367188e+00
1.396050333976745605e+00 -8.021005630493164062e+00
-2.615748405456542969e+01 1.870294761657714844e+01
4.094890117645263672e+00 -7.613940238952636719e-01
-1.643332362174987793e+00 -3.139323234558105469e+00
-6.264405250549316406e-01 -1.101601219177246094e+01
-2.612337827682495117e+00 1.521921253204345703e+01
4.753724038600921631e-01 -7.760748386383056641e+00
-2.324503326416015625e+01 1.730461835861206055e+00
1.387410163879394531e+01 -7.460234165191650391e+00
-3.934692859649658203e+00 5.712694644927978516e+00
-1.797601318359375000e+01 -2.033501148223876953e+00
-4.015946865081787109e+00 4.762583255767822266e+00
-1.363038253784179688e+01 -1.167614841461181641e+01
-2.203930091857910156e+01 1.299440956115722656e+01
1.256281089782714844e+01 1.291568946838378906e+01
-9.266258239746093750e+00 6.617057323455810547e+00
8.426259040832519531e+00 6.496671676635742188e+00
1.441925048828125000e+00 8.065834999084472656e+00
-4.156851768493652344e+00 -1.695890617370605469e+01
1.171189117431640625e+01 -1.004772949218750000e+01
-6.031970024108886719e+00 -2.358521652221679688e+01
4.191901087760925293e-01 4.634079456329345703e+00
1.492296457290649414e+00 -5.267134189605712891e+00
2.131948471069335938e+00 -1.012899652123451233e-01
1.764464259147644043e+00 -1.445730590820312500e+01
-3.076976299285888672e+00 4.109667539596557617e-01
3.554677724838256836e+00 -4.172427654266357422e+00
-1.414340591430664062e+01 5.694204330444335938e+00
-1.168693542480468750e+01 1.609807586669921875e+01
-1.663039207458496094e+01 7.974186420440673828e+00
-8.251235961914062500e+00 1.157452774047851562e+01
1.867663192749023438e+01 2.985756874084472656e+00
-1.516821479797363281e+01 1.050757408142089844e+01
1.626795411109924316e+00 2.596778678894042969e+01
8.107975006103515625e+00 -9.605467796325683594e+00
-7.770906448364257812e+00 1.381039619445800781e+01
1.667866706848144531e+01 1.049550628662109375e+01
-1.726422548294067383e+00 2.806471586227416992e+00
-1.249071025848388672e+01 8.397387504577636719e+00
9.664382934570312500e-01 5.251683592796325684e-01
5.114326477050781250e+00 8.235173225402832031e+00
-1.510237884521484375e+01 -4.057364463806152344e+00
-9.806695938110351562e+00 -1.923979187011718750e+01
2.246319055557250977e+00 -2.889962196350097656e+00
3.705859661102294922e+00 -1.620814132690429688e+01
