1.220272064208984375e+00
-4.397034645080566406e-02
2.622056484222412109e+00
-2.266271114349365234e+00
6.832760572433471680e-01
1.844227433204650879e+00
-4.599171876907348633e-01
-1.025638103485107422e+00
4.338478088378906250e+00
2.805598974227905273e-01
2.336485862731933594e+00
-1.040827274322509766e+00
2.402164936065673828e-01
-1.704879999160766602e+00
1.061585783958435059e+00
1.232887625694274902e+00
1.729670524597167969e+00
-1.280005216598510742e+00
2.681689500808715820e+00
-7.512358427047729492e-01
9.263548851013183594e-01
1.631743431091308594e+00
2.895464420318603516e+00
-2.310013294219970703e+00
5.745137929916381836e-01
2.032223224639892578e+00
-1.564968824386596680e+00
1.840970516204833984e+00
1.603111743927001953e+00
3.210158824920654297e+00
3.043628215789794922e+00
-1.639469861984252930e-01
4.836593627929687500e+00
3.219699621200561523e+00
3.007157564163208008e+00
1.425699353218078613e+00
-1.574494600296020508e+00
3.552957177162170410e-01
2.309748172760009766e+00
-1.075604200363159180e+00
2.827155590057373047e+00
1.279718875885009766e+00
8.740824460983276367e-02
1.144493222236633301e+00
2.557128667831420898e-01
4.069012999534606934e-01
-5.278837680816650391e-01
-1.199685573577880859e+00
1.185480713844299316e+00
4.813359975814819336e-01
2.479601383209228516e+00
1.008199453353881836e+00
5.464004516601562500e+00
3.721252441406250000e+00
3.531439304351806641e+00
2.414839267730712891e+00
-3.830314636230468750e+00
3.449175119400024414e+00
2.349185943603515625e+00
6.873915195465087891e-01
1.610074400901794434e+00
-1.146845340728759766e+00
8.365287780761718750e-01
-3.251487016677856445e-01
-6.992031335830688477e-01
1.384554862976074219e+00
1.302010893821716309e+00
1.882924079895019531e+00
-1.001564025878906250e+00
4.419785499572753906e+00
-4.861143589019775391e+00
1.404075145721435547e+00
3.679206371307373047e+00
1.096649408340454102e+00
2.881519079208374023e+00
-8.133022785186767578e-01
1.079616785049438477e+00
2.572792053222656250e+00
-7.532367706298828125e-01
3.694358348846435547e+00
3.412716865539550781e+00
2.071846485137939453e+00
-1.455686569213867188e+00
2.902563571929931641e+00
1.344024896621704102e+00
-9.561108350753784180e-01
-4.499601840972900391e+00
1.612478613853454590e+00
-1.523592233657836914e+00
3.334250688552856445e+00
1.429518938064575195e+00
3.190604686737060547e+00
-3.419010639190673828e-01
1.861712574958801270e+00
-1.945985555648803711e-01
-7.310826778411865234e-01
3.287175655364990234e+00
4.795266151428222656e+00
-1.983212232589721680e+00
1.969730973243713379e+00
-3.903322219848632812e-01
1.044918298721313477e-01
-4.251047611236572266e+00
-6.157540082931518555e-01
3.454868793487548828e+00
-5.096769332885742188e-02
5.191262960433959961e-01
-3.024565219879150391e+00
-8.694314956665039062e-01
2.640671968460083008e+00
-4.840399026870727539e-01
-6.142269372940063477e-01
2.869197368621826172e+00
3.898510932922363281e+00
-8.880758285522460938e-01
8.856380581855773926e-01
-2.436660528182983398e-01
2.606085300445556641e+00
6.941317081451416016e+00
3.158228397369384766e+00
3.261393308639526367e+00
4.882255554199218750e+00
2.045065402984619141e+00
1.383457541465759277e+00
1.979864716529846191e+00
1.890017509460449219e+00
3.339623212814331055e+00
1.333019971847534180e+00
-1.672966480255126953e+00
6.022307872772216797e-01
1.266824722290039062e+00
4.675058722496032715e-01
1.979668140411376953e-01
5.003378987312316895e-01
4.077871322631835938e+00
4.219440460205078125e+00
8.744598627090454102e-01
-1.876065492630004883e+00
3.991171121597290039e+00
-2.589705705642700195e+00
5.902851223945617676e-01
-3.865769863128662109e+00
-3.131659507751464844e+00
1.441409945487976074e+00
2.587134838104248047e+00
3.985733389854431152e-01
2.299847841262817383e+00
-2.266662597656250000e+00
4.610882759094238281e+00
-3.119462490081787109e+00
4.288032054901123047e+00
4.924162387847900391e+00
4.068202018737792969e+00
9.592381119728088379e-01
1.200221896171569824e+00
1.744426250457763672e+00
9.984578490257263184e-01
-1.911899805068969727e+00
3.028373479843139648e+00
2.955934524536132812e+00
1.582820415496826172e+00
3.260876178741455078e+00
1.259919881820678711e+00
1.699846386909484863e-01
4.605388641357421875e-01
-1.674947261810302734e+00
3.928312063217163086e+00
1.303245306015014648e+00
4.551090240478515625e+00
1.709171295166015625e+00
-1.980959653854370117e+00
6.419317722320556641e-01
2.543373823165893555e+00
6.366993188858032227e-01
3.079046487808227539e+00
3.084482669830322266e+00
2.862021446228027344e+00
3.133748769760131836e-01
1.824499249458312988e+00
-6.926208734512329102e-01
3.780264854431152344e-01
-1.155976772308349609e+00
4.162598609924316406e+00
-1.051959037780761719e+00
-4.727761745452880859e-01
3.541047334671020508e+00
-2.403963804244995117e-01
3.787629127502441406e+00
-1.652460098266601562e-01
1.715676784515380859e-01
2.417502403259277344e-01
3.457894802093505859e+00
-9.857314825057983398e-01
-7.488193511962890625e-01
4.607892036437988281e-01
-2.144769430160522461e-01
2.047962188720703125e+00
1.829123020172119141e+00
-2.349867820739746094e+00
-1.200355052947998047e+00
-1.221954822540283203e+00
-7.951123714447021484e-01
6.115740299224853516e+00
5.386775970458984375e+00
-8.747975826263427734e-01
1.504968166351318359e+00
4.445302486419677734e-02
3.013860940933227539e+00
-1.416373729705810547e+00
4.192330360412597656e+00
2.846134185791015625e+00
4.593126296997070312e+00
3.985655546188354492e+00
1.695896983146667480e-01
7.368644475936889648e-01
5.426216602325439453e+00
4.848712921142578125e+00
1.885739088058471680e+00
-9.280042648315429688e-01
2.484649658203125000e+00
1.303571820259094238e+00
4.072208404541015625e+00
3.954262495040893555e+00
1.213405609130859375e+00
1.796803712844848633e+00
3.131391763687133789e+00
2.050350666046142578e+00
1.165098905563354492e+00
-1.016535282135009766e+00
1.659975409507751465e+00
1.746781349182128906e+00
1.666052341461181641e+00
-3.295722961425781250e+00
3.065905332565307617e+00
5.585682392120361328e+00
-2.915935516357421875e-01
4.717791080474853516e+00
2.053888797760009766e+00
1.508681654930114746e+00
5.707356452941894531e+00
3.867893218994140625e+00
5.238608837127685547e+00
-1.016424417495727539e+00
1.923547387123107910e+00
1.512041568756103516e+00
3.158208131790161133e+00
-1.865931987762451172e+00
2.278653621673583984e+00
1.096152186393737793e+00
-2.140463113784790039e+00
2.338094234466552734e+00
4.878788948059082031e+00
3.384442329406738281e+00
1.362823247909545898e+00
2.556245803833007812e+00
6.310238838195800781e-01
4.114355564117431641e+00
5.542535305023193359e+00
-9.130680561065673828e-01
1.802730798721313477e+00
1.841467857360839844e+00
8.794118165969848633e-01
1.111338138580322266e-01
4.739090919494628906e+00
-3.221620559692382812e+00
1.063448071479797363e+00
4.395613670349121094e+00
-2.782017230987548828e+00
1.232265114784240723e+00
1.937072515487670898e+00
5.173367261886596680e-01
-6.923594474792480469e-01
-4.015102386474609375e-01
-1.330518484115600586e+00
1.212178707122802734e+00
-1.056402206420898438e+00
4.213917255401611328e-01
-3.310359001159667969e+00
1.576431274414062500e+00
1.587084174156188965e+00
1.822391033172607422e+00
5.894713401794433594e-01
1.731534004211425781e-01
-2.729626893997192383e-01
1.617053508758544922e+00
1.994259834289550781e+00
1.680707097053527832e+00
4.980273246765136719e+00
-2.876048326492309570e+00
2.646574020385742188e+00
4.904655456542968750e+00
8.825322389602661133e-01
2.305429458618164062e+00
1.057686448097229004e+00
7.845246195793151855e-01
-4.703164100646972656e-02
-1.451847791671752930e+00
-1.124054908752441406e+00
-1.805680036544799805e+00
3.160560369491577148e+00
6.087921142578125000e+00
-1.370503902435302734e+00
-2.821911811828613281e+00
1.479786634445190430e+00
5.373846054077148438e+00
2.582449913024902344e+00
2.556214809417724609e+00
3.991651535034179688e+00
7.340719103813171387e-01
5.931621551513671875e+00
-4.900096416473388672e+00
2.960390448570251465e-01
3.241892814636230469e+00
-3.146932601928710938e+00
-1.144828796386718750e-01
4.764461517333984375e-02
-8.326478004455566406e-01
4.131278038024902344e+00
-7.033395767211914062e-02
2.170393466949462891e+00
5.253284454345703125e+00
3.676299333572387695e+00
9.089865684509277344e-01
-1.605718135833740234e+00
4.989407658576965332e-01
-3.048748970031738281e+00
3.157228946685791016e+00
1.916450619697570801e+00
2.702735662460327148e+00
8.334547281265258789e-02
1.389169692993164062e+00
-4.384169578552246094e-01
3.988923430442810059e-01
2.703815221786499023e+00
-4.860933303833007812e+00
6.266395568847656250e+00
7.823526859283447266e-02
2.063215494155883789e+00
-2.499303340911865234e+00
1.404298305511474609e+00
1.144030332565307617e+00
5.168685913085937500e-01
2.582904815673828125e+00
8.972232937812805176e-01
-9.078999757766723633e-01
2.666121244430541992e+00
-9.277892112731933594e-02
8.377220630645751953e-01
1.220080971717834473e+00
8.915656805038452148e-02
2.268649101257324219e+00
1.306959748268127441e+00
4.495106697082519531e+00
5.702048301696777344e+00
1.046969294548034668e+00
2.728581428527832031e+00
1.508580684661865234e+00
-2.052858591079711914e+00
3.390468835830688477e+00
-1.974880933761596680e+00
7.667297720909118652e-01
8.712112903594970703e-03
-3.866782665252685547e+00
5.198615789413452148e-01
9.188457131385803223e-01
-4.861197471618652344e+00
1.301739454269409180e+00
4.849627614021301270e-01
-1.844602584838867188e+00
3.172522306442260742e+00
-6.855535507202148438e-02
6.725035309791564941e-01
2.133908510208129883e+00
1.133548140525817871e+00
3.538510203361511230e-01
-3.845536708831787109e-02
-8.691624402999877930e-01
3.176249861717224121e-01
1.316940426826477051e+00
1.442087054252624512e+00
1.378172159194946289e+00
1.869870543479919434e+00
4.456757068634033203e+00
-1.036741018295288086e+00
-2.404641389846801758e+00
-1.445529937744140625e+00
4.035914421081542969e+00
2.246290683746337891e+00
-5.337582826614379883e-01
-1.431798219680786133e+00
1.975254535675048828e+00
2.141711711883544922e+00
9.521954059600830078e-01
-1.952359914779663086e+00
-1.021812915802001953e+00
2.855754375457763672e+00
-5.729416608810424805e-01
-2.536487579345703125e-02
8.440059423446655273e-01
1.555845260620117188e+00
5.705928802490234375e-02
1.895641326904296875e+00
-3.771482467651367188e+00
9.136957526206970215e-01
-2.272795438766479492e-01
2.637304782867431641e+00
1.560537576675415039e+00
1.754094600677490234e+00
-1.073327302932739258e+00
2.046702861785888672e+00
2.930045127868652344e-03
-1.681460380554199219e+00
6.729674339294433594e-01
2.853020906448364258e+00
-1.668715476989746094e-01
4.611192703247070312e+00
1.182684302330017090e-01
-1.526719808578491211e+00
3.583614349365234375e+00
2.503974437713623047e+00
-2.786223649978637695e+00
2.820654511451721191e-01
1.076209783554077148e+00
-2.966540813446044922e+00
3.132389307022094727e+00
5.317894458770751953e+00
3.804946660995483398e+00
-1.940178394317626953e+00
2.833490371704101562e+00
2.296516656875610352e+00
1.779446005821228027e+00
-2.152059078216552734e+00
2.538456439971923828e+00
-3.896390199661254883e-01
3.548259496688842773e+00
-1.427233695983886719e+00
7.686933875083923340e-01
-5.827291011810302734e-01
1.039515972137451172e+00
-1.722270250320434570e-01
-2.117079257965087891e+00
-1.879090070724487305e+00
4.511347293853759766e+00
4.766278266906738281e+00
-3.745570182800292969e+00
-1.488946676254272461e+00
-6.272804737091064453e-02
-1.989734649658203125e+00
-2.646237611770629883e-01
-6.772309541702270508e-01
5.527317523956298828e-03
1.291004180908203125e+00
1.050885558128356934e+00
1.956178545951843262e-01
-1.843875646591186523e-01
-5.110505819320678711e-01
-2.512556791305541992e+00
-2.798910856246948242e+00
-1.288063287734985352e+00
2.155873537063598633e+00
2.036786079406738281e+00
3.411768198013305664e+00
-1.622586965560913086e+00
2.481121301651000977e+00
-4.083607673645019531e+00
-7.647049427032470703e-01
6.408172845840454102e-01
4.577615737915039062e+00
6.751863956451416016e-01
-1.712195158004760742e+00
3.882735729217529297e+00
-1.097865104675292969e+00
2.098332405090332031e+00
4.842454433441162109e+00
2.561416149139404297e+00
5.297923564910888672e+00
5.655888915061950684e-01
4.281960964202880859e+00
4.835142135620117188e+00
3.906021118164062500e+00
2.136206626892089844e-01
-7.017927169799804688e-01
-2.933820009231567383e+00
1.045007348060607910e+00
-3.001707553863525391e+00
-2.530196428298950195e+00
1.775445103645324707e+00
2.253561019897460938e+00
1.674744248390197754e+00
1.707725763320922852e+00
6.188710927963256836e-01
-2.100059986114501953e-01
4.486590623855590820e-02
1.279955863952636719e+00
-1.843762397766113281e-01
-6.740033626556396484e-02
2.990209579467773438e+00
1.876984357833862305e+00
-2.204280614852905273e+00
-1.388644933700561523e+00
2.420601129531860352e+00
-2.205142021179199219e+00
-2.391293048858642578e+00
4.397634506225585938e+00
2.419136762619018555e+00
1.382720708847045898e+00
4.596274495124816895e-01
-4.700788259506225586e-01
1.331849575042724609e+00
-1.797071933746337891e+00
4.700348854064941406e+00
-1.510426998138427734e+00
2.879689693450927734e+00
1.101336479187011719e-01
3.691004514694213867e-01
-1.175756692886352539e+00
3.626071214675903320e+00
-3.238555431365966797e+00
6.661086559295654297e+00
-1.498170137405395508e+00
-1.456049680709838867e+00
3.347279787063598633e+00
-1.940563917160034180e+00
-9.870357513427734375e-01
4.993004322052001953e+00
1.208119511604309082e+00
-2.011780023574829102e+00
1.914679765701293945e+00
4.421144008636474609e+00
-2.712600469589233398e+00
-2.584289073944091797e+00
4.688516616821289062e+00
3.987030506134033203e+00
2.510179281234741211e-01
-2.034683227539062500e-01
1.683176040649414062e+00
3.986979007720947266e+00
3.136343002319335938e+00
2.814702749252319336e+00
5.974295735359191895e-01
9.722871184349060059e-01
1.592512845993041992e+00
1.429892659187316895e+00
1.145180463790893555e+00
-8.122007846832275391e-01
-8.830232620239257812e-01
8.357537388801574707e-01
1.597335934638977051e+00
1.168769478797912598e+00
-3.855834007263183594e+00
-1.808918714523315430e+00
-7.449840307235717773e-01
2.809618949890136719e+00
-8.556326627731323242e-01
1.383299827575683594e+00
-1.146339654922485352e+00
3.221424341201782227e+00
3.213745117187500000e+00
6.572735309600830078e-02
-7.225869894027709961e-01
1.218290567398071289e+00
-3.466635942459106445e-01
-6.289649009704589844e-02
-3.322681188583374023e-01
2.128980398178100586e+00
1.772227287292480469e+00
2.112469673156738281e+00
3.684575557708740234e+00
-1.936095476150512695e+00
-2.147172212600708008e+00
3.812695503234863281e+00
9.247686266899108887e-01
3.314142465591430664e+00
1.883508682250976562e+00
3.334109067916870117e+00
-1.005482912063598633e+00
1.372773170471191406e+00
2.534251213073730469e+00
3.630470275878906250e+00
3.081952333450317383e+00
1.511689186096191406e+00
2.833926439285278320e+00
-4.913318157196044922e-02
-3.184201240539550781e+00
6.974827051162719727e-01
-1.853657960891723633e+00
2.211708545684814453e+00
2.274219036102294922e+00
2.605198025703430176e-01
-3.027121543884277344e+00
2.624504804611206055e+00
-2.486482858657836914e-01
4.122395515441894531e+00
1.942521333694458008e-01
7.343832492828369141e+00
1.541335582733154297e-01
2.867295265197753906e+00
1.889172315597534180e+00
1.753489017486572266e+00
2.880249738693237305e+00
3.492461204528808594e+00
-2.288873910903930664e+00
1.976947307586669922e+00
-6.906104087829589844e-02
2.090475082397460938e+00
1.002691745758056641e+00
1.537159204483032227e+00
3.741645812988281250e-02
4.486696720123291016e-01
5.998545885086059570e-01
4.991236209869384766e+00
3.817984580993652344e+00
-1.353341341018676758e+00
8.180289864540100098e-01
4.202977657318115234e+00
1.150965690612792969e-04
-1.386696815490722656e+00
-1.799045801162719727e+00
-1.618169546127319336e+00
-1.065559625625610352e+00
1.806550502777099609e+00
2.537441253662109375e+00
-1.774370431900024414e+00
-1.110049724578857422e+00
4.391998291015625000e+00
-2.427721261978149414e+00
2.447551012039184570e+00
1.098022580146789551e+00
3.833303928375244141e+00
7.092399120330810547e+00
-7.494391202926635742e-01
-3.540992736816406250e-02
1.961523175239562988e+00
1.213488578796386719e+00
4.690515518188476562e+00
2.956433296203613281e+00
4.969845771789550781e+00
5.416573047637939453e+00
1.755238771438598633e-01
-6.317625045776367188e-01
3.286130189895629883e+00
2.009389877319335938e+00
2.875210285186767578e+00
-1.511817693710327148e+00
2.375660896301269531e+00
-6.425216197967529297e-01
-1.874272823333740234e+00
2.148570775985717773e+00
-3.657181262969970703e-01
2.650758266448974609e+00
1.880151748657226562e+00
-3.918803930282592773e-01
1.592041850090026855e+00
1.230841279029846191e+00
-1.922405719757080078e+00
2.663461923599243164e+00
2.093134403228759766e+00
-6.994373798370361328e-01
-2.979412078857421875e-01
-7.995454072952270508e-01
3.628015995025634766e+00
6.387841701507568359e-01
1.912909746170043945e-01
-1.746182680130004883e+00
-2.803301095962524414e+00
-5.987421512603759766e+00
1.326377868652343750e+00
1.908962130546569824e-01
-2.784941196441650391e+00
1.238369941711425781e+00
5.427951335906982422e+00
-3.237473964691162109e-02
2.549636363983154297e+00
2.240225076675415039e-01
1.281791210174560547e+00
4.111674427986145020e-01
2.508360862731933594e+00
2.753437519073486328e+00
1.803583502769470215e+00
-3.166937351226806641e+00
3.120493650436401367e+00
2.223472118377685547e+00
-3.821969985961914062e+00
1.110490560531616211e-01
1.528821110725402832e+00
3.022311210632324219e+00
1.955651998519897461e+00
8.231478333473205566e-01
-7.553747892379760742e-01
-2.781074523925781250e+00
-1.179049730300903320e+00
1.101390123367309570e+00
2.400420308113098145e-01
2.105701923370361328e+00
4.367833137512207031e+00
4.447092533111572266e+00
1.140763282775878906e+00
3.278940439224243164e+00
6.129676103591918945e-02
4.149417877197265625e+00
4.371422767639160156e+00
-1.728895187377929688e+00
-1.093674898147583008e-01
7.513359785079956055e-01
2.233139038085937500e+00
-1.595768928527832031e+00
1.248910784721374512e+00
-3.373515605926513672e-01
4.867965579032897949e-01
-2.760050296783447266e-01
4.703998088836669922e+00
4.798980236053466797e+00
2.141795158386230469e+00
8.502556681632995605e-01
2.083481073379516602e+00
-3.101082324981689453e+00
2.097974419593811035e-01
3.133752107620239258e+00
4.606522560119628906e+00
-2.683131694793701172e-01
1.509758114814758301e+00
8.931966423988342285e-01
3.033072710037231445e+00
1.745059967041015625e+00
7.208315134048461914e-01
-8.922352790832519531e-01
1.758789777755737305e+00
1.257430672645568848e+00
-8.660973310470581055e-01
7.361693382263183594e-01
1.284147977828979492e+00
5.402585506439208984e+00
4.062768936157226562e+00
1.028603196144104004e+00
-6.567742824554443359e-01
1.383043766021728516e+00
1.170575261116027832e+00
1.200351476669311523e+00
-2.633845806121826172e+00
6.890040636062622070e-01
-2.114809513092041016e+00
1.175491809844970703e+00
1.430740952491760254e-01
-8.857347965240478516e-01
-1.022534132003784180e+00
1.632475614547729492e+00
5.389340877532958984e+00
4.093213081359863281e+00
2.042781114578247070e+00
2.614916801452636719e+00
-1.031841516494750977e+00
-1.758350372314453125e+00
1.355724573135375977e+00
3.933331251144409180e+00
2.460754871368408203e+00
7.596759200096130371e-01
-3.100134134292602539e-01
-1.242891550064086914e-01
7.983439564704895020e-01
2.482732534408569336e+00
4.022012710571289062e+00
3.245356798171997070e+00
1.691605925559997559e+00
1.223854899406433105e+00
1.241635918617248535e+00
2.041660785675048828e+00
2.761734724044799805e-01
2.388660907745361328e+00
1.630207061767578125e+00
3.675894737243652344e+00
-7.455605268478393555e-01
2.223942756652832031e+00
7.537531852722167969e-01
-5.579897165298461914e-01
1.955464601516723633e+00
-8.021569252014160156e-01
1.633131623268127441e+00
3.000789165496826172e+00
1.166204094886779785e+00
2.767786502838134766e+00
-1.384512901306152344e+00
9.722822308540344238e-01
-9.804534912109375000e-02
2.468334436416625977e-01
-5.602211952209472656e-01
-2.786601543426513672e+00
3.060311317443847656e+00
-1.598492860794067383e-01
4.338183403015136719e+00
2.602848529815673828e+00
1.770218610763549805e+00
-1.045199155807495117e+00
-3.706505775451660156e+00
7.985502481460571289e-02
1.654992580413818359e+00
-1.512409210205078125e+00
-2.355566024780273438e+00
2.150109529495239258e+00
2.596984624862670898e+00
2.267445564270019531e+00
-8.114576339721679688e-01
2.268954753875732422e+00
-2.031633853912353516e+00
1.537260413169860840e-01
1.220259785652160645e+00
1.990755796432495117e+00
1.014750003814697266e-01
-9.426922798156738281e-01
-1.455199956893920898e+00
3.872810006141662598e-01
3.318064928054809570e+00
8.324448466300964355e-01
1.307900071144104004e+00
-1.150634765625000000e+00
7.879934906959533691e-01
-1.417158842086791992e+00
3.118846893310546875e+00
-9.400249719619750977e-01
-2.294074773788452148e+00
4.772942543029785156e+00
3.824288368225097656e+00
1.311693668365478516e+00
1.741685152053833008e+00
-7.791894674301147461e-01
1.784912109375000000e+00
2.202147006988525391e+00
3.703775882720947266e+00
3.048675060272216797e-01
2.279267311096191406e-01
6.502737998962402344e-01
1.210204601287841797e+00
5.635245800018310547e+00
2.581518650054931641e+00
2.503516674041748047e+00
-2.948868274688720703e+00
-3.009930610656738281e+00
1.234122633934020996e+00
6.546715497970581055e-01
4.994373798370361328e+00
3.155903816223144531e-01
1.818854570388793945e+00
-2.175388336181640625e+00
3.601140499114990234e+00
7.198785543441772461e-01
-1.574295759201049805e+00
9.317933917045593262e-01
2.224830985069274902e-01
2.214802503585815430e-01
-4.523768424987792969e-01
4.276745796203613281e+00
3.848059177398681641e-01
1.278869032859802246e+00
1.382999658584594727e+00
-7.445964813232421875e-01
-8.061027526855468750e-02
1.066268801689147949e+00
3.565241336822509766e+00
9.827199578285217285e-01
1.061186194419860840e+00
-1.176766872406005859e+00
1.890449047088623047e+00
1.653471708297729492e+00
-5.624994039535522461e-01
7.647206187248229980e-01
2.443398952484130859e+00
-6.046007871627807617e-01
1.322423338890075684e+00
1.551689743995666504e+00
2.520232200622558594e+00
-8.923193216323852539e-01
-8.484898805618286133e-01
-7.792073488235473633e-01
6.193472862243652344e+00
-2.315061569213867188e+00
1.629164814949035645e+00
-7.245233058929443359e-01
7.357449531555175781e-01
2.735843658447265625e+00
3.399078845977783203e-01
7.156366109848022461e-01
-1.455464839935302734e+00
8.870120644569396973e-01
5.217806339263916016e+00
5.076161623001098633e-01
5.480399131774902344e-01
4.863677024841308594e-01
-8.742631673812866211e-01
1.125127315521240234e+00
-4.039170265197753906e+00
1.904354810714721680e+00
3.949362039566040039e+00
1.666126489639282227e+00
1.377767801284790039e+00
7.281762361526489258e-01
-6.475272178649902344e-01
1.188748478889465332e+00
1.752970457077026367e+00
-8.222535848617553711e-01
1.758196830749511719e+00
2.307120561599731445e+00
-2.859875202178955078e+00
-7.722812891006469727e-01
1.692118048667907715e+00
9.001405239105224609e-01
-6.978889703750610352e-01
3.841780662536621094e+00
2.622194766998291016e+00
1.038635849952697754e+00
-2.376142740249633789e-01
1.722544908523559570e+00
1.579082250595092773e+00
3.573614120483398438e+00
4.177586078643798828e+00
7.815510630607604980e-01
-3.538439273834228516e-01
7.277145385742187500e-01
-1.814916849136352539e+00
4.471043586730957031e+00
-1.537873983383178711e+00
-1.097062826156616211e-01
5.268884181976318359e+00
2.917022705078125000e+00
2.547681093215942383e+00
2.019647121429443359e+00
1.862428665161132812e+00
-6.904083490371704102e-01
-1.498575210571289062e-01
7.087280154228210449e-01
1.895350813865661621e-01
2.044279098510742188e+00
2.861085653305053711e+00
-2.959670066833496094e+00
1.961266279220581055e+00
1.993883609771728516e+00
1.735364198684692383e+00
3.504861831665039062e+00
-4.169880151748657227e-01
-1.991607189178466797e+00
1.757922053337097168e+00
1.759578585624694824e-01
-2.396238327026367188e+00
7.443511486053466797e-01
1.868308305740356445e+00
4.578475475311279297e+00
1.036505222320556641e+00
-1.247711896896362305e+00
3.840921878814697266e+00
1.899640560150146484e-01
2.924709320068359375e+00
-5.452838420867919922e+00
1.906989336013793945e+00
-1.690275192260742188e+00
7.616201639175415039e-01
-2.725307941436767578e-01
4.248791217803955078e+00
8.756233453750610352e-01
1.107743263244628906e+00
2.217732667922973633e+00
2.996004104614257812e+00
3.312196493148803711e+00
-1.407717943191528320e+00
2.781193017959594727e+00
1.844659447669982910e-01
-2.758390188217163086e+00
3.514811754226684570e+00
5.975289344787597656e-01
1.172996044158935547e+00
2.073655605316162109e+00
4.591578960418701172e+00
-4.481515884399414062e-01
-1.018460988998413086e+00
3.415656089782714844e+00
2.147056579589843750e+00
-1.324921369552612305e+00
-2.615382909774780273e+00
-1.542541027069091797e+00
-1.099017858505249023e+00
9.432984590530395508e-01
1.373851180076599121e+00
3.920742034912109375e+00
2.092875003814697266e+00
-1.169375181198120117e-01
4.169422626495361328e+00
2.968822479248046875e+00
2.349919319152832031e+00
2.665682315826416016e+00
1.199534058570861816e+00
-8.220912218093872070e-01
-1.074307203292846680e+00
-4.081243276596069336e-01
3.497376680374145508e+00
1.775150537490844727e+00
9.983413219451904297e-01
1.523593306541442871e+00
4.758288383483886719e+00
-4.003440141677856445e-01
1.952634930610656738e+00
-7.118707895278930664e-01
-5.028157234191894531e-01
-3.561902046203613281e-01
