-7.859447002410888672e+00 9.574401855468750000e+00
6.803515434265136719e+00 1.009001493453979492e+00
3.425374269485473633e+00 -1.308910131454467773e+00
1.382343769073486328e+01 1.021878957748413086e+00
-7.263846397399902344e+00 1.834190487861633301e+00
6.839910030364990234e+00 1.993857765197753906e+01
2.010307550430297852e+00 1.365123271942138672e+01
1.491961097717285156e+01 -5.223551273345947266e+00
-7.294465065002441406e+00 -3.333753347396850586e+00
2.204746055603027344e+01 -3.941772878170013428e-01
-1.153821086883544922e+01 -1.727316498756408691e+00
-1.013312861323356628e-01 4.006598472595214844e+00
3.278469443321228027e-01 1.017161750793457031e+01
-8.811128616333007812e+00 -1.723277807235717773e+00
3.652700185775756836e+00 1.927691650390625000e+01
6.449973106384277344e+00 9.579493522644042969e+00
4.451478004455566406e+00 -4.818403244018554688e+00
1.140967178344726562e+01 -1.767026901245117188e+01
1.542504692077636719e+01 7.387342929840087891e+00
-7.638385772705078125e+00 1.322402238845825195e+00
6.223287582397460938e-01 -1.277961850166320801e+00
-1.456995582580566406e+01 3.556091785430908203e+00
-4.337791442871093750e+00 2.365521621704101562e+01
6.118059158325195312e+00 1.603005051612854004e+00
4.251765251159667969e+00 2.302108049392700195e+00
-3.581342458724975586e+00 1.127728700637817383e+00
-1.415881252288818359e+01 -1.920274353027343750e+01
-1.207726287841796875e+01 -9.493626594543457031e+00
-1.227760124206542969e+01 1.158917903900146484e+01
-1.814598083496093750e+01 -8.667961120605468750e+00
2.404182434082031250e+01 -1.043459796905517578e+01
-8.491960525512695312e+00 1.329423666000366211e+00
8.704553604125976562e+00 -6.621690273284912109e+00
2.027720260620117188e+01 -5.334916114807128906e+00
1.433322811126708984e+01 1.793914222717285156e+01
8.476803779602050781e+00 1.777186393737792969e+00
-4.922181606292724609e+00 -1.159649848937988281e+01
9.398516654968261719e+00 1.541872215270996094e+01
-1.141005420684814453e+01 3.022094666957855225e-01
-1.851889419555664062e+01 -5.008888840675354004e-01
-2.724214553833007812e+01 4.977931022644042969e+00
2.975342750549316406e+00 2.952950954437255859e+00
-1.140502548217773438e+01 1.017739295959472656e+01
1.102526092529296875e+01 8.123316764831542969e+00
1.013024520874023438e+01 1.367718887329101562e+01
5.507711887359619141e+00 -1.045382118225097656e+01
-1.578762531280517578e+00 -1.622499823570251465e+00
4.631297588348388672e+00 3.089936256408691406e+00
2.591114997863769531e+00 1.255674171447753906e+01
9.279824256896972656e+00 6.451539993286132812e+00
1.049399566650390625e+01 -1.649207496643066406e+01
8.086762428283691406e+00 -2.906357049942016602e-01
-1.447931385040283203e+01 -1.929122352600097656e+01
2.413549184799194336e+00 8.262119293212890625e+00
-3.707756042480468750e+00 -1.584503078460693359e+01
4.733165740966796875e+00 -5.267197608947753906e+00
2.377534866333007812e+00 1.541829586029052734e+00
-9.362190246582031250e+00 -2.322107553482055664e+00
4.337306976318359375e+00 1.266991710662841797e+01
-2.295255899429321289e+00 -5.624002933502197266e+00
2.430600166320800781e+01 -6.868420600891113281e+00
1.691630840301513672e+00 -1.962685012817382812e+01
-7.112934589385986328e+00 -3.697654962539672852e+00
-8.400559425354003906e+00 -3.912948608398437500e+00
2.550054788589477539e+00 9.559269905090332031e+00
-1.289049625396728516e+01 -8.182170867919921875e+00
1.315734863281250000e+01 -2.056421041488647461e+00
-1.081348419189453125e+01 -1.980091476440429688e+01
-2.230166625976562500e+01 2.931241512298583984e+00
1.550025701522827148e+00 9.774846076965332031e+00
1.445463943481445312e+01 3.424426078796386719e+00
3.180961847305297852e+00 -1.655763244628906250e+01
-1.017295956611633301e+00 2.001641845703125000e+01
-1.421281909942626953e+01 8.152112007141113281e+00
6.491296768188476562e+00 1.005735588073730469e+01
4.744828224182128906e+00 -3.793755054473876953e+00
-1.985412597656250000e+01 6.037132740020751953e+00
-7.572169303894042969e-01 7.477971076965332031e+00
-4.313149452209472656e+00 3.499617099761962891e+00
-5.207662105560302734e+00 -6.250059127807617188e+00
-2.122631072998046875e+01 -2.149994850158691406e+00
-1.200652694702148438e+01 4.764986515045166016e+00
-6.837474822998046875e+00 -5.111569404602050781e+00
-1.132736396789550781e+01 -4.324966371059417725e-01
-8.115745544433593750e+00 -1.480891323089599609e+01
1.196133041381835938e+01 4.596115648746490479e-01
6.815628051757812500e+00 -1.095888710021972656e+01
-8.096005439758300781e+00 1.008613109588623047e+01
-6.502468109130859375e+00 1.494706869125366211e+00
-8.031866073608398438e+00 -2.076451873779296875e+01
8.936393737792968750e+00 -9.414996147155761719e+00
8.209038734436035156e+00 6.891009330749511719e+00
-1.564031600952148438e+01 -7.684820175170898438e+00
-5.652549743652343750e+00 1.244467830657958984e+01
1.949043273925781250e+01 8.915449142456054688e+00
4.049730777740478516e+00 4.200227260589599609e-01
4.108330249786376953e+00 1.898467302322387695e+00
-8.548124313354492188e+00 2.886897563934326172e+00
2.291303634643554688e+00 -7.871005535125732422e+00
-2.350564002990722656e+01 1.615606784820556641e+00
-2.228175354003906250e+01 2.026723480224609375e+01
-2.584702730178833008e+00 4.470460414886474609e+00
9.178301811218261719e+00 3.108859539031982422e+00
1.440618038177490234e+01 -1.508665466308593750e+01
-1.172189807891845703e+01 9.367061614990234375e+00
1.014965915679931641e+01 1.578386783599853516e+01
1.537555313110351562e+01 7.886291027069091797e+00
1.248804187774658203e+01 6.192843437194824219e+00
1.373830986022949219e+01 -9.424860000610351562e+00
7.543684959411621094e+00 -3.810322046279907227e+00
-1.534488797187805176e+00 1.670946884155273438e+01
1.276327037811279297e+01 5.983180046081542969e+00
6.746870040893554688e+00 1.125201129913330078e+01
5.479149818420410156e+00 3.357005357742309570e+00
-8.278664588928222656e+00 2.962492465972900391e+00
-5.376688003540039062e+00 -2.085462331771850586e+00
1.041707611083984375e+01 -4.864554882049560547e+00
8.258087158203125000e+00 5.940408229827880859e+00
-3.338753700256347656e+00 6.233131408691406250e+00
8.671281814575195312e+00 -5.099421024322509766e+00
1.866274595260620117e+00 -1.222102403640747070e+00
1.508857536315917969e+01 8.913750648498535156e-01
-6.948113441467285156e+00 -2.513072490692138672e+00
1.169823646545410156e+01 4.526608467102050781e+00
7.949614048004150391e+00 -1.176492094993591309e+00
1.977233648300170898e+00 7.320397377014160156e+00
1.274312257766723633e+00 -5.904168128967285156e+00
-6.722579956054687500e+00 8.588644266128540039e-01
-1.293523311614990234e+01 1.118897247314453125e+01
-5.535973548889160156e+00 -2.237558126449584961e+00
-6.536942005157470703e+00 -5.301588058471679688e+00
-4.695608615875244141e+00 -1.886984634399414062e+01
3.002461910247802734e+00 -8.675653457641601562e+00
6.582770824432373047e+00 6.400773525238037109e+00
-1.054889917373657227e+00 -1.148356914520263672e+01
-7.280135154724121094e+00 -2.183506011962890625e+01
2.051471328735351562e+01 -8.027037620544433594e+00
-9.078780174255371094e+00 2.570797157287597656e+01
-2.532066822052001953e+00 6.571928977966308594e+00
2.667377281188964844e+01 4.271573066711425781e+00
-5.816243171691894531e+00 6.972577095031738281e+00
6.467642784118652344e+00 -9.686000823974609375e+00
-1.388449668884277344e+01 1.413564586639404297e+01
-1.030486488342285156e+01 -1.042180156707763672e+01
-1.231046319007873535e+00 -6.073299646377563477e-01
3.650205582380294800e-02 -3.354562282562255859e+00
1.134314632415771484e+01 -1.352416419982910156e+01
-5.283154547214508057e-02 2.674404335021972656e+01
2.094741344451904297e+00 -3.340447425842285156e+00
-2.002927303314208984e+00 1.058930969238281250e+01
-6.617106914520263672e+00 -3.241297245025634766e+00
6.034383296966552734e+00 -1.418007493019104004e+00
1.503390550613403320e+00 7.337568283081054688e+00
2.975013017654418945e+00 5.125729560852050781e+00
9.554804801940917969e+00 2.497100067138671875e+01
2.715610027313232422e+00 1.294555425643920898e+00
1.512270927429199219e+00 3.281625509262084961e+00
3.317800140380859375e+01 4.471005916595458984e+00
-7.354821681976318359e+00 -2.656035661697387695e+00
-1.546522998809814453e+01 1.077068805694580078e+00
-1.095133066177368164e+00 7.582709789276123047e-01
-7.611518859863281250e+00 1.085713386535644531e+01
-6.154811859130859375e+00 1.337468504905700684e+00
5.115158081054687500e+00 -1.001592540740966797e+01
-1.011268043518066406e+01 -5.786934852600097656e+00
1.917228317260742188e+01 1.001563310623168945e+00
-4.317644596099853516e+00 1.001790165901184082e-01
1.092194461822509766e+01 -5.306210994720458984e+00
-3.938040971755981445e+00 1.717971038818359375e+01
-1.352061080932617188e+01 3.747726917266845703e+00
1.574106788635253906e+01 1.971173286437988281e+00
-4.104637622833251953e+00 2.020293426513671875e+01
9.945904731750488281e+00 -5.452495574951171875e+00
5.491256117820739746e-01 -6.828994274139404297e+00
-6.547911167144775391e+00 -8.692907094955444336e-01
1.313185930252075195e+00 9.868091583251953125e+00
4.267756462097167969e+00 9.931351661682128906e+00
-2.053008842468261719e+01 7.999432086944580078e-01
-5.530545234680175781e+00 1.385539293289184570e+00
4.152441978454589844e+00 9.790737152099609375e+00
2.265338659286499023e+00 -7.144078254699707031e+00
1.114766979217529297e+01 -1.486137199401855469e+01
-6.769701957702636719e+00 -5.671561956405639648e-01
9.171467781066894531e+00 5.676070213317871094e+00
9.435176849365234375e-02 -5.952306270599365234e+00
-1.396381616592407227e+00 -1.199847698211669922e+01
5.250248908996582031e+00 9.030265808105468750e+00
-2.328449726104736328e+00 -4.957180500030517578e+00
1.947405576705932617e+00 1.857476234436035156e-01
-1.606642150878906250e+01 1.029192447662353516e+01
-1.361902427673339844e+01 -5.766530036926269531e+00
1.232730865478515625e+01 -1.142104244232177734e+01
-4.024802207946777344e+00 -1.615066826343536377e-01
-1.256698799133300781e+01 -1.793091201782226562e+01
-6.774768352508544922e+00 -1.357710456848144531e+01
1.508309841156005859e+01 4.595596313476562500e+00
1.008109951019287109e+01 6.592109203338623047e+00
1.789442253112792969e+01 5.212670326232910156e+00
1.187574577331542969e+01 -1.917325401306152344e+01
7.694948196411132812e+00 2.704779624938964844e+01
6.979418545961380005e-02 1.556034278869628906e+01
-1.960980415344238281e+00 6.367992401123046875e+00
-1.245941543579101562e+01 6.662511348724365234e+00
5.657013893127441406e+00 -1.019033622741699219e+01
4.546133041381835938e+00 5.763458728790283203e+00
-3.804675579071044922e+00 4.465691566467285156e+00
5.747485160827636719e+00 6.102567672729492188e+00
5.695827484130859375e+00 -2.784158229827880859e+00
-4.509280204772949219e+00 -1.207954597473144531e+01
3.392921924591064453e+00 9.570152282714843750e+00
-3.357535600662231445e+00 3.316585540771484375e+00
3.190409898757934570e+00 1.381471443176269531e+01
-5.700517296791076660e-01 1.205707359313964844e+01
1.025733852386474609e+01 1.687373518943786621e+00
3.505548477172851562e+00 -1.408269405364990234e+01
-8.504636764526367188e+00 7.476589202880859375e+00
-4.625195503234863281e+00 1.726125955581665039e+00
8.281284332275390625e+00 3.451083660125732422e+00
8.981185913085937500e+00 -2.650066614151000977e+00
1.272326660156250000e+01 5.062074184417724609e+00
3.998249530792236328e+00 5.920406341552734375e+00
-3.590455532073974609e+00 3.337128400802612305e+00
-6.876947879791259766e-01 -9.808013439178466797e-01
2.035043716430664062e+01 1.218594646453857422e+01
1.372341728210449219e+01 4.091721057891845703e+00
4.087372779846191406e+00 -1.358909606933593750e+01
-9.592901229858398438e+00 8.137296676635742188e+00
-1.780187225341796875e+01 1.653487396240234375e+01
7.221855163574218750e+00 -1.263470458984375000e+01
6.307702064514160156e+00 5.500495433807373047e+00
6.420079469680786133e-01 -8.995987474918365479e-02
7.296203613281250000e+00 -5.493345260620117188e+00
-2.982417106628417969e+00 7.298908233642578125e+00
4.750988006591796875e+00 -2.090033721923828125e+01
-1.239863014221191406e+01 -9.372561573982238770e-01
2.088484525680541992e+00 6.732788562774658203e+00
8.096063613891601562e+00 -1.071394062042236328e+01
1.152608299255371094e+01 6.013445556163787842e-03
-1.590512180328369141e+01 -2.768589854240417480e-01
-9.102082252502441406e+00 -6.683351516723632812e+00
2.265158414840698242e+00 -9.416336059570312500e+00
9.254642575979232788e-02 -2.953546905517578125e+01
-2.257766246795654297e+00 6.884243965148925781e+00
-1.143287467956542969e+01 -1.742408943176269531e+01
-1.349465465545654297e+01 1.094831943511962891e+01
1.666804504394531250e+01 -2.655209898948669434e-01
-1.677503204345703125e+01 2.913753032684326172e+00
-7.107627868652343750e+00 1.551776409149169922e+01
1.106174278259277344e+01 6.123847007751464844e+00
5.749804496765136719e+00 3.632394075393676758e+00
1.015597820281982422e+01 -7.873491287231445312e+00
-8.857395172119140625e+00 4.973305225372314453e+00
1.671545791625976562e+01 4.951714515686035156e+00
-9.544996261596679688e+00 2.786686897277832031e+00
-1.322232246398925781e+01 4.531158924102783203e+00
2.454421997070312500e+00 1.988375186920166016e+00
9.245720863342285156e+00 6.728197097778320312e+00
6.318922042846679688e-01 4.608941555023193359e+00
6.386334896087646484e+00 4.863512516021728516e+00
-4.272911071777343750e+00 2.188985347747802734e+00
2.693555116653442383e+00 -1.560952281951904297e+01
-4.768894314765930176e-01 -1.624424219131469727e+00
1.444799995422363281e+01 -7.324761390686035156e+00
1.730994415283203125e+01 -3.444833993911743164e+00
-4.336094379425048828e+00 -1.406799256801605225e-01
-1.215789094567298889e-01 -5.810390472412109375e+00
-1.743308448791503906e+01 -1.206735515594482422e+01
8.701373100280761719e+00 -2.869476318359375000e+00
2.812099456787109375e+00 -1.884952926635742188e+01
-5.593044757843017578e+00 -1.305484962463378906e+01
6.224934577941894531e+00 5.680876731872558594e+00
7.268379926681518555e-01 -3.713517636060714722e-02
-8.866010665893554688e+00 -1.573166275024414062e+01
2.045532226562500000e+00 -7.754173755645751953e+00
-3.020247220993041992e+00 1.074081039428710938e+01
5.105447769165039062e+00 -3.569067716598510742e+00
-9.087244033813476562e+00 -9.581571578979492188e+00
-7.357081413269042969e+00 5.637356758117675781e+00
5.499594688415527344e+00 -1.647484064102172852e+00
1.667949557304382324e+00 -1.850375747680664062e+01
7.136580944061279297e+00 -4.922997951507568359e+00
-4.238680601119995117e-01 9.094184041023254395e-01
-6.388399124145507812e+00 2.203664970397949219e+01
-2.499568557739257812e+01 -8.925128936767578125e+00
-6.069309711456298828e+00 1.614908409118652344e+01
7.986605644226074219e+00 -2.067585706710815430e+00
1.214897751808166504e+00 -5.323968887329101562e+00
-2.492929077148437500e+01 7.279403209686279297e+00
1.122902774810791016e+01 -2.066371679306030273e+00
6.955126523971557617e-01 1.167274665832519531e+01
-7.942522764205932617e-01 -1.823142051696777344e+00
9.104143142700195312e+00 -2.187089443206787109e+00
-2.132037162780761719e+00 -2.036096572875976562e+00
1.650897789001464844e+01 1.097481155395507812e+01
-9.695778846740722656e+00 -4.635306894779205322e-01
5.580430507659912109e+00 6.170396327972412109e+00
8.075779914855957031e+00 1.122226834297180176e+00
-6.417386531829833984e-01 1.231694412231445312e+01
4.900120258331298828e+00 9.885766983032226562e+00
2.888645648956298828e+00 -1.167868518829345703e+01
3.208353996276855469e+00 -1.235732460021972656e+01
-4.933246135711669922e+00 9.439428329467773438e+00
-6.762519359588623047e+00 -1.426689720153808594e+01
1.101231694221496582e+00 -4.475768566131591797e+00
-3.864901542663574219e+00 -1.828417479991912842e-01
-9.804397583007812500e+00 -5.310773849487304688e+00
1.191140747070312500e+01 -1.541745567321777344e+01
1.118081283569335938e+01 8.286602020263671875e+00
1.836104202270507812e+01 5.140965461730957031e+00
-6.577603816986083984e+00 -6.968230247497558594e+00
-7.560160160064697266e-01 -1.040935707092285156e+01
1.125931859016418457e+00 -1.066743469238281250e+01
-9.709140777587890625e+00 -1.473145723342895508e+00
-1.092879486083984375e+01 -1.028817817568778992e-01
1.405215024948120117e+00 -1.052982234954833984e+01
2.061972427368164062e+01 -1.129529762268066406e+01
1.192785072326660156e+01 1.949242782592773438e+01
7.293676853179931641e+00 2.402774572372436523e+00
1.627918052673339844e+01 -5.086526870727539062e+00
-9.661494255065917969e+00 -7.266011238098144531e+00
-8.427596092224121094e+00 3.202323436737060547e+00
-4.920983791351318359e+00 -5.235520362854003906e+00
1.530727577209472656e+01 6.584005355834960938e+00
1.461024761199951172e+01 -8.600589752197265625e+00
5.557203769683837891e+00 -2.174189329147338867e+00
-1.542351913452148438e+01 7.627261161804199219e+00
1.511164665222167969e+01 1.075091838836669922e+01
-4.197447299957275391e+00 2.180568695068359375e+01
-2.202092409133911133e+00 5.950583934783935547e+00
-1.075458526611328125e+01 7.889647006988525391e+00
9.057653427124023438e+00 1.013839006423950195e+00
2.274252414703369141e+00 -1.816734969615936279e-01
2.778810501098632812e+00 2.219081115722656250e+01
-7.981302261352539062e+00 -1.175570487976074219e+01
-6.307124137878417969e+00 4.874838352203369141e+00
-2.210152149200439453e+00 8.376206398010253906e+00
4.042104721069335938e+00 -8.336720466613769531e+00
-7.007484912872314453e+00 -5.552495002746582031e+00
-1.010826015472412109e+01 -1.079867935180664062e+01
1.737525343894958496e+00 -1.694929885864257812e+01
-3.823617458343505859e+00 5.212835788726806641e+00
2.100737380981445312e+01 1.031044101715087891e+01
-8.673371315002441406e+00 -4.759095191955566406e+00
-6.988912582397460938e+00 3.571448326110839844e+00
6.752828598022460938e+00 1.154330635070800781e+01
3.097606182098388672e+00 2.490371227264404297e+00
-1.101478958129882812e+01 1.149990081787109375e+01
-7.452300071716308594e+00 -1.091703510284423828e+01
-1.307226085662841797e+01 -2.255739212036132812e+00
1.653850555419921875e+01 2.064245194196701050e-01
-1.011122226715087891e+01 1.906461334228515625e+01
5.190286159515380859e+00 4.744373261928558350e-01
-9.766186714172363281e+00 9.861995697021484375e+00
1.424439239501953125e+01 3.401070117950439453e+00
-8.706940650939941406e+00 -8.758798599243164062e+00
-3.080159187316894531e+00 -1.057645416259765625e+01
-5.754824161529541016e+00 -6.509564399719238281e+00
-1.116658782958984375e+01 -7.657378196716308594e+00
-1.233290767669677734e+01 -2.166038274765014648e+00
-1.476103401184082031e+01 -2.954947948455810547e-01
1.444876766204833984e+01 1.060306072235107422e+01
-1.389908552169799805e+00 2.650254666805267334e-01
-1.439074611663818359e+01 -9.718285560607910156e+00
6.600078582763671875e+00 6.955998420715332031e+00
2.286905288696289062e+01 -7.050010681152343750e+00
9.875925064086914062e+00 2.565739154815673828e+00
-2.077463150024414062e+00 -1.611251235008239746e+00
-4.587156176567077637e-01 -1.180596733093261719e+01
-8.124342918395996094e+00 -1.438049197196960449e+00
-1.628111004829406738e+00 -9.437596321105957031e+00
-7.662669181823730469e+00 1.377564334869384766e+01
-3.835729122161865234e+00 4.876052856445312500e+00
-2.658457279205322266e+00 2.742361545562744141e+00
4.908905029296875000e+00 -2.857195854187011719e+01
1.773921203613281250e+01 -6.376215934753417969e+00
1.979011917114257812e+01 8.625680208206176758e-01
-4.620745658874511719e+00 -2.843754768371582031e+00
-2.349939107894897461e+00 5.675432682037353516e+00
9.974508285522460938e+00 -8.508463859558105469e+00
-5.329098701477050781e+00 3.944214582443237305e+00
-5.852934837341308594e+00 -3.468461275100708008e+00
-2.579919099807739258e+00 -2.681887149810791016e+00
8.049258232116699219e+00 -1.624799537658691406e+01
1.372263550758361816e+00 -9.401116371154785156e+00
6.535075187683105469e+00 2.331110763549804688e+01
-8.446156501770019531e+00 2.402742385864257812e+00
8.634917259216308594e+00 -6.524581909179687500e+00
-7.746775150299072266e+00 1.705206871032714844e+01
1.551323175430297852e+00 1.455051517486572266e+01
-2.211585283279418945e+00 6.227114677429199219e+00
1.199929046630859375e+01 -2.460736846923828125e+01
-5.740174293518066406e+00 -4.449122428894042969e+00
1.265747928619384766e+01 1.039234733581542969e+01
-1.683091402053833008e+00 3.453862380981445312e+01
1.322851943969726562e+01 -7.846360206604003906e+00
-4.051839828491210938e+00 -7.799603462219238281e+00
7.248361110687255859e+00 9.810386657714843750e+00
-2.678748130798339844e+00 -4.487076759338378906e+00
1.384207963943481445e+00 2.100579500198364258e+00
-1.220077896118164062e+01 -4.640134334564208984e+00
7.686619281768798828e+00 -1.584362745285034180e+00
-1.598326683044433594e+00 1.244572758674621582e+00
-2.159440040588378906e+01 -1.044684982299804688e+01
8.053175926208496094e+00 -7.289788722991943359e+00
2.232702016830444336e+00 8.864429473876953125e+00
-6.229152202606201172e+00 -4.770802974700927734e+00
7.206915855407714844e+00 -9.007564783096313477e-01
-1.552144050598144531e+01 3.250776290893554688e+00
-4.255801677703857422e+00 3.100134134292602539e+00
1.162863349914550781e+01 -8.853141784667968750e+00
-6.635203361511230469e+00 6.974790573120117188e+00
1.084295749664306641e+01 9.345546364784240723e-01
-2.206604242324829102e+00 2.836339235305786133e+00
1.494251728057861328e+00 2.441892862319946289e+00
1.148221969604492188e+01 6.248122215270996094e+00
-4.536960601806640625e+00 -1.026671051979064941e+00
1.148649024963378906e+01 2.069181442260742188e+00
-7.440293312072753906e+00 -8.924826622009277344e+00
-1.281286811828613281e+01 -2.515502452850341797e+00
-7.607223510742187500e+00 1.597952842712402344e+01
-7.287072658538818359e+00 1.977278709411621094e+00
8.405643463134765625e+00 -1.218422412872314453e+01
-1.852704811096191406e+01 -1.197109794616699219e+01
1.685650348663330078e-01 1.858697414398193359e+00
1.507771110534667969e+01 -7.702726840972900391e+00
1.649750518798828125e+01 -1.650977706909179688e+01
-7.978226661682128906e+00 9.006637573242187500e+00
-3.750507354736328125e+00 -6.983319282531738281e+00
7.367603778839111328e+00 1.169628143310546875e+01
-2.044657468795776367e+00 1.515646076202392578e+01
1.090420627593994141e+01 -2.902611255645751953e+00
-1.323164558410644531e+01 -1.444784641265869141e+00
-5.189099162817001343e-02 -2.007392501831054688e+01
6.458199024200439453e+00 1.333407211303710938e+01
1.365650749206542969e+01 -8.167560577392578125e+00
-6.542466163635253906e+00 -1.602039718627929688e+01
-2.074960517883300781e+01 -2.058551073074340820e+00
1.604870986938476562e+01 -3.083663463592529297e+00
-8.813391685485839844e+00 5.637838840484619141e+00
5.532340526580810547e+00 2.919662475585937500e+00
-1.100799083709716797e+01 -7.672727584838867188e+00
-6.726477146148681641e+00 -3.338504433631896973e-01
-4.458520889282226562e+00 9.739565849304199219e+00
-4.431459426879882812e+00 -2.375979423522949219e+01
7.246480941772460938e+00 1.962850213050842285e+00
-7.385005950927734375e-01 -8.843136787414550781e+00
8.194079399108886719e+00 4.970564365386962891e+00
1.532111287117004395e+00 3.602180957794189453e+00
-4.655908107757568359e+00 3.201742649078369141e+00
1.572564840316772461e+00 -3.776308536529541016e+00
-1.284778118133544922e+01 -6.224822521209716797e+00
4.394037246704101562e+00 6.729640483856201172e+00
1.094356918334960938e+01 -5.505813360214233398e-01
-5.030664443969726562e+00 2.186545944213867188e+01
-1.713407325744628906e+01 -1.290251827239990234e+01
-7.298877835273742676e-01 1.906571960449218750e+01
-5.039191722869873047e+00 -4.552636623382568359e+00
-9.583312988281250000e+00 -1.063777446746826172e+01
1.616820526123046875e+01 -1.101298904418945312e+01
1.138603401184082031e+01 -1.485237979888916016e+01
-1.278321361541748047e+01 -3.811769008636474609e+00
-1.147299766540527344e+01 -5.147834777832031250e+00
3.244724273681640625e+00 -5.840257644653320312e+00
-1.435518455505371094e+01 -3.664023876190185547e+00
-9.387205123901367188e+00 -9.644768714904785156e+00
2.103165817260742188e+01 -4.010018825531005859e+00
7.355265617370605469e+00 -1.487683773040771484e+01
6.828229427337646484e+00 2.431355953216552734e+00
5.702395915985107422e+00 -1.219051456451416016e+01
1.038499641418457031e+01 4.741391658782958984e+00
-2.117697954177856445e+00 2.386305093765258789e+00
-2.094611167907714844e+01 -2.183677911758422852e+00
7.049477577209472656e+00 3.663137257099151611e-01
1.375422000885009766e+00 -9.532052040100097656e+00
-1.418048000335693359e+01 -4.328431129455566406e+00
8.515212535858154297e-01 -2.072860717773437500e+01
-4.766522884368896484e+00 7.125158309936523438e-01
1.136761093139648438e+01 -1.429840469360351562e+01
-6.573603153228759766e+00 1.230418395996093750e+01
-1.531442260742187500e+01 4.774847507476806641e+00
1.790872764587402344e+01 2.959077358245849609e+00
-9.802095890045166016e-01 1.542684745788574219e+01
6.289154052734375000e+00 5.380373001098632812e+00
5.240540504455566406e+00 3.337447166442871094e+00
-1.802517700195312500e+01 6.357941627502441406e+00
-6.265713691711425781e+00 1.297327518463134766e+01
9.902992248535156250e+00 2.425500392913818359e+00
-9.282418251037597656e+00 -4.449482917785644531e+00
5.328994274139404297e+00 -1.627926635742187500e+01
-6.365867137908935547e+00 -1.680341720581054688e+01
-1.335212802886962891e+01 -8.934788703918457031e+00
7.055468559265136719e+00 6.065102577209472656e+00
2.567748546600341797e+00 8.193960189819335938e-01
-1.294673824310302734e+01 -3.328860855102539062e+01
-1.451461696624755859e+01 4.956264793872833252e-01
-1.559568524360656738e+00 6.846628189086914062e-01
1.227997875213623047e+01 7.703689575195312500e+00
-6.764124870300292969e+00 5.609527826309204102e-01
-1.500409698486328125e+01 7.379435539245605469e+00
-1.974488377571105957e+00 1.444296360015869141e+01
-1.375167274475097656e+01 -7.361359596252441406e-01
-2.226312637329101562e+01 -1.363862872123718262e+00
-3.445106983184814453e+00 -2.835576057434082031e+00
-1.835412740707397461e+00 7.478774070739746094e+00
-2.827441930770874023e+00 -9.606186866760253906e+00
1.201784133911132812e+01 1.286377429962158203e+01
-1.533950686454772949e+00 2.563136100769042969e+00
5.650065422058105469e+00 -5.135129928588867188e+00
-2.081986427307128906e+00 3.192417860031127930e+00
8.862919211387634277e-01 4.764931201934814453e+00
-5.088841915130615234e+00 1.737152099609375000e+00
-2.216449260711669922e+00 2.866026163101196289e-01
5.476164817810058594e+00 2.662653446197509766e+00
-1.103846645355224609e+01 -3.073833227157592773e+00
-3.567618370056152344e+00 -1.772616147994995117e+00
-1.726773834228515625e+01 1.647059631347656250e+01
-1.853476715087890625e+01 8.432174682617187500e+00
1.032852292060852051e+00 7.242676734924316406e+00
3.079998970031738281e+00 -8.881283760070800781e+00
2.752678394317626953e+00 7.409339904785156250e+00
1.319690895080566406e+01 -7.168507099151611328e+00
1.428548336029052734e+01 4.381135702133178711e-01
-1.252407878637313843e-01 -1.181310844421386719e+01
-3.154997348785400391e+00 1.652237653732299805e+00
-4.222484111785888672e+00 -2.390470266342163086e+00
-6.405229568481445312e+00 7.559797167778015137e-01
-4.388109207153320312e+00 2.309446525573730469e+01
-4.887395858764648438e+00 -1.508210182189941406e+01
3.154693245887756348e-01 -8.476406097412109375e+00
-8.495240211486816406e+00 3.821165084838867188e+00
-1.333632564544677734e+01 -1.879188728332519531e+01
-8.147265434265136719e+00 7.090517997741699219e+00
7.623134613037109375e+00 1.230789089202880859e+01
-4.623517990112304688e+00 -1.943435192108154297e+00
1.641287231445312500e+01 -2.611895561218261719e+01
1.281989860534667969e+01 -1.926167726516723633e+00
-1.362262010574340820e+00 8.920680999755859375e+00
2.502698898315429688e+01 4.674834251403808594e+00
-1.404089832305908203e+01 3.795214891433715820e+00
-1.351629352569580078e+01 2.121029853820800781e+01
-1.612989807128906250e+01 1.975300407409667969e+01
1.014886283874511719e+01 -2.486757278442382812e+01
-1.260884857177734375e+01 -3.008926153182983398e+00
1.238430881500244141e+01 -3.343417167663574219e+00
4.112348556518554688e+00 -1.196755409240722656e+01
1.914465522766113281e+01 -2.704204559326171875e+00
1.726806259155273438e+01 2.216604232788085938e+00
1.870493888854980469e+01 6.957240581512451172e+00
1.404607772827148438e+01 1.541682624816894531e+01
2.330330848693847656e+00 -8.485239982604980469e+00
4.506193473935127258e-02 1.372476482391357422e+01
1.460794353485107422e+01 -4.561372756958007812e+00
-2.270672798156738281e+01 -6.370310783386230469e-01
-1.015873718261718750e+01 -4.885419845581054688e+00
-5.938522338867187500e+00 6.567592620849609375e+00
4.474087715148925781e+00 1.064268207550048828e+01
-4.495906352996826172e+00 -9.894467353820800781e+00
-2.063829421997070312e+01 6.046406745910644531e+00
-8.278470039367675781e+00 -1.494528865814208984e+01
1.496181964874267578e+00 -2.636126279830932617e+00
-6.928175091743469238e-01 1.054638862609863281e+01
-7.869674682617187500e+00 -3.597973287105560303e-01
-9.768240928649902344e+00 3.266896247863769531e+00
1.794610738754272461e+00 -2.590300750732421875e+01
-1.490854358673095703e+01 2.335287809371948242e+00
-1.177950000762939453e+01 -2.398343533277511597e-01
1.977906799316406250e+01 6.281969547271728516e+00
-7.501283645629882812e+00 4.652868270874023438e+00
-1.217371845245361328e+01 -1.337363839149475098e+00
1.068354511260986328e+01 6.120041847229003906e+00
-6.164447784423828125e+00 4.098118782043457031e+00
-7.292436599731445312e+00 4.672649860382080078e+00
-2.726040124893188477e+00 -1.672482490539550781e+01
-6.448234558105468750e+00 4.942903041839599609e+00
9.572484016418457031e+00 -5.598463416099548340e-01
4.547015190124511719e+00 -8.296183586120605469e+00
-1.003733634948730469e+01 3.536437451839447021e-01
5.516125679016113281e+00 -3.347046375274658203e+00
1.106591129302978516e+01 2.524542570114135742e+00
1.683282279968261719e+01 2.115584945678710938e+01
-2.686606407165527344e+01 -2.126263809204101562e+01
1.612207651138305664e+00 -5.539187908172607422e+00
-1.522400379180908203e+01 -1.676165008544921875e+01
6.386933803558349609e+00 2.389918804168701172e+00
-8.213562011718750000e+00 -1.200469779968261719e+01
-4.939059257507324219e+00 -2.300965070724487305e+00
-8.914819359779357910e-01 -1.362086057662963867e+00
5.493798255920410156e+00 -5.763617515563964844e+00
-1.288528919219970703e+01 8.723299026489257812e+00
-1.329513740539550781e+01 -3.248092889785766602e+00
1.145914936065673828e+01 6.319622039794921875e+00
-1.681963729858398438e+01 1.314740300178527832e+00
-1.436454582214355469e+01 9.463975906372070312e+00
1.083925628662109375e+01 1.857309192419052124e-01
-6.679999351501464844e+00 4.848280906677246094e+00
-2.176370811462402344e+01 -2.170686483383178711e+00
6.893340110778808594e+00 -7.677161693572998047e+00
2.093930244445800781e+01 3.794357180595397949e-01
-8.622745513916015625e+00 8.310048103332519531e+00
-2.866973876953125000e+00 -1.190358924865722656e+01
1.288651943206787109e+00 1.616455268859863281e+01
-6.277186274528503418e-01 -2.311006927490234375e+01
9.138032913208007812e+00 -1.134638214111328125e+01
1.177818393707275391e+01 -6.725669384002685547e+00
1.150930500030517578e+01 -1.283249950408935547e+01
9.179621696472167969e+00 -6.289718300104141235e-02
1.647781372070312500e+01 -2.929614782333374023e+00
-8.906375169754028320e-01 1.255229854583740234e+01
-1.705146408081054688e+01 -4.147350311279296875e+00
9.540432929992675781e+00 7.409195423126220703e+00
-5.153040885925292969e+00 9.406904220581054688e+00
2.538306951522827148e+00 -2.244117498397827148e+00
-1.544528770446777344e+01 -2.610479354858398438e+00
-7.163541316986083984e+00 -3.366865873336791992e+00
1.263911724090576172e+00 8.717424392700195312e+00
1.943355369567871094e+01 1.048153996467590332e+00
-7.235440731048583984e+00 1.397153258323669434e+00
-9.327146530151367188e+00 -1.457408428192138672e+01
-1.711806488037109375e+01 1.436341285705566406e+01
-7.967479705810546875e+00 -1.066701030731201172e+01
4.973536729812622070e-01 -2.080015897750854492e+00
5.838508129119873047e+00 -4.498908996582031250e+00
-9.378885269165039062e+00 6.882515430450439453e+00
1.107922649383544922e+01 -6.225966453552246094e+00
-7.651107788085937500e+00 1.493791675567626953e+01
4.629181385040283203e+00 2.353965997695922852e+00
-8.574160575866699219e+00 -7.185325026512145996e-01
1.120613956451416016e+01 -2.129766082763671875e+01
7.184108734130859375e+00 1.203412532806396484e+01
1.370801734924316406e+01 2.307795333862304688e+01
2.558895349502563477e+00 8.941485881805419922e-01
7.847796440124511719e+00 3.099528849124908447e-01
1.737291216850280762e+00 -2.275496244430541992e+00
-6.029448986053466797e+00 -1.061400413513183594e+00
8.534627914428710938e+00 9.111382484436035156e+00
-3.762961387634277344e+00 -1.827722167968750000e+01
-3.769064426422119141e+00 -9.342802047729492188e+00
-1.514124989509582520e+00 5.040939331054687500e+00
-6.033401012420654297e+00 -9.631107330322265625e+00
4.921863555908203125e+00 2.388713073730468750e+01
-8.231128692626953125e+00 -6.377965807914733887e-01
-3.524589061737060547e+00 6.933033466339111328e+00
-2.697438240051269531e+00 1.026235389709472656e+01
1.787111639976501465e+00 8.328389167785644531e+00
1.097827720642089844e+01 -2.038406133651733398e+00
1.345210075378417969e+01 1.029676437377929688e+01
1.622023773193359375e+01 2.093229770660400391e+00
5.366435050964355469e+00 4.361576080322265625e+00
6.361132621765136719e+00 2.829445266723632812e+01
-2.135346984863281250e+01 -4.381586074829101562e+00
2.284663438796997070e+00 -6.278517246246337891e-01
2.730810546875000000e+01 -5.970893859863281250e+00
-1.300158405303955078e+01 1.731560897827148438e+01
4.454235553741455078e+00 2.123279333114624023e+00
-7.752170085906982422e+00 -2.483539581298828125e+00
1.007978534698486328e+01 2.921035528182983398e+00
-5.958966612815856934e-01 2.521532535552978516e+00
-4.348856925964355469e+00 -1.350663185119628906e+01
2.912840366363525391e+00 -7.603719234466552734e+00
1.010051822662353516e+01 5.004792690277099609e+00
1.955027818679809570e+00 -5.894277095794677734e+00
1.126636123657226562e+01 4.129634797573089600e-01
-7.967507362365722656e+00 -8.772344589233398438e+00
-9.667797088623046875e+00 -1.710304641723632812e+01
-3.791155576705932617e+00 5.509527206420898438e+00
-4.999745368957519531e+00 1.818784332275390625e+01
-9.423304557800292969e+00 -8.361667633056640625e+00
-1.335161209106445312e+01 1.160107994079589844e+01
-1.015419769287109375e+01 4.389277935028076172e+00
1.124635791778564453e+01 1.192307949066162109e+00
-4.242286205291748047e+00 -1.022471618652343750e+01
-6.275421142578125000e+00 1.274747848510742188e+00
-3.080051898956298828e+00 1.726848030090332031e+01
-2.990273237228393555e+00 6.641247272491455078e+00
3.183115959167480469e+00 5.337547779083251953e+00
9.473134994506835938e+00 3.247921228408813477e+00
-4.890254974365234375e+00 9.823341369628906250e+00
-7.382276058197021484e+00 7.090263843536376953e+00
4.947736263275146484e-01 -1.351337242126464844e+01
-5.969985961914062500e+00 1.344867515563964844e+01
1.935400962829589844e+00 2.713224411010742188e+00
-1.725713491439819336e+00 -6.874201297760009766e+00
6.989397048950195312e+00 1.966696262359619141e+00
2.707979202270507812e+01 -8.130199432373046875e+00
1.089594936370849609e+01 -1.189827060699462891e+01
2.125927352905273438e+01 3.822914600372314453e+00
2.346618652343750000e+00 -4.642520427703857422e+00
-3.733303785324096680e+00 8.842035293579101562e+00
-1.046306419372558594e+01 -7.885678291320800781e+00
1.095798015594482422e+01 -5.274735450744628906e+00
1.110048413276672363e+00 1.116502404212951660e+00
-5.748196601867675781e+00 7.969502925872802734e+00
2.969888448715209961e+00 1.161095619201660156e+01
5.065855026245117188e+00 -1.077702522277832031e+01
9.737967491149902344e+00 2.752315759658813477e+00
1.477218627929687500e+01 -3.521466732025146484e+00
1.315330886840820312e+01 1.452720284461975098e+00
1.417859077453613281e+00 -2.113723373413085938e+01
1.504392623901367188e+01 -3.982361316680908203e+00
-1.843491673469543457e+00 -1.512171363830566406e+01
1.345871829986572266e+01 -4.661198854446411133e-01
2.262534201145172119e-01 -1.211697673797607422e+01
1.218548059463500977e+00 -6.119411468505859375e+00
4.909355163574218750e+00 -5.637077331542968750e+00
-1.043433189392089844e+01 -2.262258148193359375e+01
-1.586562728881835938e+01 1.344760322570800781e+01
-2.100751876831054688e+01 1.125191211700439453e+00
4.606694698333740234e+00 -1.534337139129638672e+01
-4.739607334136962891e+00 5.525001525878906250e+00
3.781278371810913086e+00 -6.129361391067504883e-01
1.133727836608886719e+01 3.620318174362182617e+00
4.539626121520996094e+00 -7.838809967041015625e+00
3.150332212448120117e+00 -2.709548234939575195e+00
-2.896819591522216797e+00 -2.084050893783569336e+00
-4.234734535217285156e+00 -1.459124183654785156e+01
4.542831420898437500e+00 -3.299580812454223633e+00
1.770434570312500000e+01 -3.220943212509155273e+00
-8.676259994506835938e+00 9.684266090393066406e+00
4.959236145019531250e+00 3.684016466140747070e+00
1.575832271575927734e+01 -4.942775726318359375e+00
-9.647964477539062500e+00 7.426552295684814453e+00
2.693776786327362061e-01 -2.873125314712524414e+00
-4.064802646636962891e+00 -8.064651489257812500e+00
-2.458410501480102539e+00 9.797513961791992188e+00
4.741968512535095215e-01 6.439175605773925781e+00
-4.178422927856445312e+01 -1.119311141967773438e+01
4.952325820922851562e+00 -5.338459968566894531e+00
2.448276996612548828e+00 -2.184560394287109375e+01
2.441195678710937500e+01 -1.849283599853515625e+01
-9.414075851440429688e+00 1.541972637176513672e+00
-1.243812084197998047e+01 -1.156963729858398438e+01
6.618628501892089844e+00 8.322044372558593750e+00
-2.897792625427246094e+01 -7.542873620986938477e-01
-3.559057474136352539e+00 4.227687358856201172e+00
-6.903126239776611328e-01 -1.501192855834960938e+01
2.703588676452636719e+01 3.026734828948974609e+00
7.992696285247802734e+00 -4.034277498722076416e-01
1.050426959991455078e+01 6.600147247314453125e+00
2.314678192138671875e+00 -3.231948614120483398e+00
3.542729854583740234e+00 4.272284984588623047e+00
1.365531158447265625e+01 -4.185400009155273438e+00
-6.531838417053222656e+00 8.504170417785644531e+00
-6.318639755249023438e+00 1.443552589416503906e+01
-9.382987022399902344e+00 2.120330810546875000e+01
1.587615585327148438e+01 2.897030830383300781e+00
-4.252580642700195312e+00 -2.164150029420852661e-01
-1.354421424865722656e+01 -1.168582439422607422e+01
2.580639648437500000e+01 6.855059623718261719e+00
-7.460663795471191406e+00 9.204102516174316406e+00
1.247485065460205078e+01 -1.092848896980285645e+00
-1.252812767028808594e+01 9.459115028381347656e+00
-1.701661229133605957e+00 1.014831542968750000e+01
3.304336547851562500e+00 -1.950709533691406250e+01
8.838335037231445312e+00 1.467388534545898438e+01
-8.554828643798828125e+00 -4.218503534793853760e-01
2.254127264022827148e+00 -1.223822355270385742e+00
1.803835296630859375e+01 -3.159844398498535156e+00
-1.764132380485534668e+00 1.041193485260009766e+01
-7.113269805908203125e+00 2.423179244995117188e+01
-1.444879722595214844e+01 3.476226329803466797e+00
-6.532012820243835449e-01 5.139206647872924805e-01
3.915067195892333984e+00 -1.599965572357177734e+00
-4.390497803688049316e-01 -6.741933345794677734e+00
4.314043521881103516e+00 -7.220909118652343750e+00
-1.367115402221679688e+01 -5.331309318542480469e+00
-9.607723236083984375e+00 1.767974346876144409e-01
-1.881813812255859375e+01 1.928462409973144531e+01
-1.418871879577636719e+01 1.006907558441162109e+01
3.602056741714477539e+00 1.295022583007812500e+01
-7.949706077575683594e+00 -6.389197826385498047e+00
1.093684768676757812e+01 1.012014198303222656e+01
-4.071955680847167969e+00 -1.112212181091308594e+00
-8.528181076049804688e+00 -8.248566627502441406e+00
-2.594876527786254883e+00 1.674622726440429688e+01
1.606930923461914062e+01 4.228582859039306641e+00
-5.562892913818359375e+00 2.200046539306640625e+00
-2.091127634048461914e-01 1.530828237533569336e+00
3.307425737380981445e+00 1.232516765594482422e+01
1.295090198516845703e+01 -3.604790687561035156e+00
-5.985245227813720703e+00 -6.606484055519104004e-01
-4.650580406188964844e+00 5.251275062561035156e+00
-1.769471049308776855e+00 -1.485620307922363281e+01
8.444167137145996094e+00 -1.439691066741943359e+01
-6.336627006530761719e+00 1.346318054199218750e+01
-1.226232528686523438e+01 -6.974215984344482422e+00
1.415331268310546875e+01 2.219215202331542969e+01
-3.372597217559814453e+00 -1.279848217964172363e+00
7.481309890747070312e+00 1.869668722152709961e+00
1.078227615356445312e+01 -4.328344345092773438e+00
6.470173835754394531e+00 -7.082389831542968750e+00
1.773722267150878906e+01 -7.258509635925292969e+00
-5.839863300323486328e+00 -7.051473140716552734e+00
-4.770548820495605469e+00 -6.302446365356445312e+00
1.416540384292602539e+00 6.092358231544494629e-01
-1.154740142822265625e+01 -5.117269515991210938e+00
-7.140742301940917969e+00 5.403697013854980469e+00
1.673495483398437500e+01 -1.027597045898437500e+01
-2.472160720825195312e+01 8.864533424377441406e+00
7.337272644042968750e+00 -9.515396118164062500e+00
2.649443149566650391e+00 -1.007357978820800781e+01
-1.979914474487304688e+01 -1.101335406303405762e+00
9.720295906066894531e+00 1.512639808654785156e+01
-4.436652362346649170e-01 -2.155487823486328125e+01
-1.991441917419433594e+01 -9.313441812992095947e-02
-1.058052635192871094e+01 1.418213272094726562e+01
1.478556728363037109e+01 1.912499219179153442e-01
-7.769732952117919922e+00 7.092627525329589844e+00
-3.696882963180541992e+00 3.994956254959106445e+00
5.239656448364257812e+00 -4.263831377029418945e-01
2.071140289306640625e+01 -2.926768064498901367e+00
4.003574371337890625e+00 4.519157886505126953e+00
9.655403137207031250e+00 2.264398765563964844e+01
1.766408443450927734e+00 -1.545729160308837891e+01
-8.138364791870117188e+00 1.706069827079772949e+00
-6.236228942871093750e-01 -1.337794780731201172e+00
-1.959457015991210938e+01 1.620465087890625000e+01
8.370144844055175781e+00 -7.278567314147949219e+00
-1.615499114990234375e+01 -2.987046241760253906e-01
1.583023166656494141e+01 1.289614319801330566e+00
1.178494262695312500e+01 -1.209816709160804749e-01
-1.769963455200195312e+01 -6.645399093627929688e+00
1.840244483947753906e+01 -1.773660778999328613e+00
-4.798736095428466797e+00 1.786421418190002441e+00
5.761775016784667969e+00 1.260745644569396973e+00
2.112634849548339844e+01 9.689034461975097656e+00
-1.070277810096740723e+00 7.027805328369140625e+00
3.242933750152587891e+00 1.618869972229003906e+01
-9.861852645874023438e+00 -1.497740864753723145e+00
8.089539527893066406e+00 1.137277221679687500e+01
-1.799184381961822510e-01 -5.909387588500976562e+00
8.249994277954101562e+00 1.209224820137023926e+00
7.768519401550292969e+00 9.977014541625976562e+00
-9.248573303222656250e+00 5.495068550109863281e+00
6.246058464050292969e+00 8.318049430847167969e+00
-1.521305561065673828e+01 -5.644168853759765625e+00
1.363430976867675781e+01 -5.236850976943969727e-01
1.909000205993652344e+01 -8.381784439086914062e+00
3.258304834365844727e+00 2.109137535095214844e+01
-1.571079444885253906e+01 -1.885495781898498535e+00
1.539013624191284180e+00 -1.205703735351562500e+01
5.688708305358886719e+00 3.722288608551025391e+00
7.553489685058593750e+00 -1.491898727416992188e+01
6.111955642700195312e+00 1.090192079544067383e+00
-6.269608497619628906e+00 -7.167691230773925781e+00
9.953290939331054688e+00 -1.282416462898254395e+00
1.250189018249511719e+01 -2.417580604553222656e+00
-1.299588203430175781e+01 -1.015774154663085938e+01
-5.337242126464843750e+00 -1.902313232421875000e+01
2.333918571472167969e+00 -2.287819862365722656e+00
-1.315800762176513672e+01 4.589734554290771484e+00
6.093480587005615234e+00 -1.387491321563720703e+01
-3.887362003326416016e+00 -1.001411533355712891e+01
-7.422713279724121094e+00 -7.912297248840332031e+00
-1.552652168273925781e+01 9.235458374023437500e+00
-1.463923835754394531e+01 -1.719585609436035156e+01
4.377776145935058594e+00 6.973955154418945312e+00
5.564221858978271484e+00 1.328503704071044922e+01
-3.475656270980834961e+00 -4.644107341766357422e+00
2.408480167388916016e+00 4.156264305114746094e+00
8.365722894668579102e-01 -1.722987174987792969e+00
-3.177787303924560547e+00 -1.832736778259277344e+01
1.958985519409179688e+01 9.030337333679199219e-01
-8.722517013549804688e+00 9.744073867797851562e+00
-1.429307579994201660e+00 1.743511009216308594e+01
1.468935108184814453e+01 2.998087704181671143e-01
-1.823058128356933594e+00 -2.781994342803955078e+00
1.316903686523437500e+01 1.311357116699218750e+01
-9.355510711669921875e+00 -1.405904889106750488e+00
3.174503803253173828e+00 1.660103416442871094e+01
2.166583633422851562e+01 -1.042537689208984375e+01
-8.479372978210449219e+00 2.552641868591308594e+01
-4.139367103576660156e+00 -1.862326383590698242e+00
4.242013931274414062e+00 -7.374921798706054688e+00
3.564258098602294922e+00 7.586595535278320312e+00
1.553343772888183594e+00 -1.165401077270507812e+01
-7.040255546569824219e+00 -6.678742408752441406e+00
6.461442947387695312e+00 1.325220489501953125e+01
1.109930038452148438e+01 -2.230212390422821045e-01
-6.293561935424804688e+00 -1.521334171295166016e+01
-1.270496559143066406e+01 -1.346775245666503906e+01
1.102771949768066406e+01 3.827190637588500977e+00
1.566642999649047852e+00 1.603633761405944824e-01
-8.628370285034179688e+00 -5.852763652801513672e+00
1.433197498321533203e+01 -5.306265830993652344e+00
-1.746171569824218750e+01 9.274662971496582031e+00
-9.986546635627746582e-01 1.482684516906738281e+01
1.030398178100585938e+01 1.484453010559082031e+01
-1.270425891876220703e+01 4.113065719604492188e+00
1.005578756332397461e+00 -2.522571372985839844e+01
-4.505830287933349609e+00 -1.313510417938232422e+01
-8.104041099548339844e+00 -2.861779212951660156e+00
-2.548026657104492188e+01 1.013480901718139648e+00
-3.536580085754394531e+00 -8.299755096435546875e+00
-1.123581695556640625e+01 2.650390148162841797e+00
9.447866439819335938e+00 5.584168434143066406e+00
1.568792533874511719e+01 4.958702564239501953e+00
-1.239543724060058594e+01 -1.002051925659179688e+01
-1.361121654510498047e+01 1.663799095153808594e+01
-2.130134391784667969e+01 -1.476089000701904297e+01
2.199046611785888672e+00 8.604839444160461426e-01
-1.032651710510253906e+01 -9.521664619445800781e+00
5.248517513275146484e+00 2.969782114028930664e+00
5.392559170722961426e-01 -1.299721527099609375e+01
-2.405258268117904663e-01 9.666566848754882812e+00
-8.124876022338867188e+00 6.114129543304443359e+00
2.245460987091064453e+00 9.397485733032226562e+00
1.136907005310058594e+01 -6.718554496765136719e+00
-1.269916415214538574e+00 2.259613037109375000e+01
-9.820376396179199219e+00 -1.988111495971679688e+00
-1.252943038940429688e+01 6.067749977111816406e+00
7.213351249694824219e+00 -7.470989227294921875e-01
-2.691923141479492188e+00 1.844939041137695312e+01
-2.436779737472534180e+00 6.040003299713134766e+00
-7.856318950653076172e+00 -3.524490356445312500e+00
-1.111732482910156250e+01 1.314187431335449219e+01
2.047623634338378906e+01 -3.102354240417480469e+01
6.960603713989257812e+00 8.619814872741699219e+00
6.235075592994689941e-01 1.451004791259765625e+01
1.008499240875244141e+01 1.171160888671875000e+01
-4.198872566223144531e+00 2.099607229232788086e+00
-9.649172782897949219e+00 1.939769554138183594e+01
1.329347705841064453e+01 -1.151824092864990234e+01
1.337552642822265625e+01 1.732721328735351562e+01
-1.201766014099121094e+01 3.101545333862304688e+00
3.454171121120452881e-01 -1.223814868927001953e+01
-9.456889629364013672e-01 2.221350193023681641e+00
-4.256414413452148438e+00 1.120469665527343750e+01
1.424234008789062500e+01 1.344134521484375000e+01
-5.977518558502197266e+00 9.169014692306518555e-01
4.290580749511718750e+00 -4.038786411285400391e+00
6.928498744964599609e+00 3.149044513702392578e+00
-1.378841876983642578e+01 -1.145227241516113281e+01
-1.616226959228515625e+01 8.695182800292968750e+00
4.088044643402099609e+00 1.705475807189941406e+01
8.716307640075683594e+00 -1.624935984611511230e+00
7.897627353668212891e+00 -1.509746742248535156e+01
1.300792694091796875e+00 1.918323135375976562e+01
-9.525567054748535156e+00 3.178834617137908936e-01
2.531970500946044922e+00 -2.916307926177978516e+00
1.486485576629638672e+01 1.881218147277832031e+01
-2.382845878601074219e+01 -5.535291671752929688e+00
2.125913143157958984e+00 4.084404945373535156e+00
-9.887351036071777344e+00 -2.430736869573593140e-01
-2.730203437805175781e+01 1.243957519531250000e+00
-1.526818752288818359e+01 1.382073974609375000e+01
7.046818256378173828e+00 -6.520867347717285156e-01
-4.943059921264648438e+00 -1.873062515258789062e+01
1.891133189201354980e+00 -1.144570159912109375e+01
1.354442977905273438e+01 1.726112747192382812e+01
-2.223795413970947266e+00 1.389942359924316406e+01
-1.714941406250000000e+01 -3.929922580718994141e+00
-5.086610317230224609e+00 4.742127895355224609e+00
-7.873539447784423828e+00 1.469886875152587891e+01
-1.037462043762207031e+01 5.652809619903564453e+00
5.013616561889648438e+00 -4.664733409881591797e+00
-7.437867164611816406e+00 -1.496493697166442871e+00
-8.707597255706787109e-01 6.014380931854248047e+00
-7.489428520202636719e+00 1.865133285522460938e+01
-1.297569465637207031e+01 -1.499050712585449219e+01
-4.764987945556640625e+00 1.795916175842285156e+01
7.540028095245361328e+00 3.184469223022460938e+00
-2.185583114624023438e+01 1.388013076782226562e+01
3.227925777435302734e+00 -4.776049613952636719e+00
-2.158575248718261719e+01 -1.574119758605957031e+01
-1.703181385993957520e+00 -1.027235746383666992e+00
-3.226647078990936279e-01 -9.035394668579101562e+00
1.112191963195800781e+01 -1.232539558410644531e+01
-1.238860607147216797e+01 4.840910136699676514e-01
1.497807693481445312e+01 8.195361137390136719e+00
2.017378568649291992e+00 4.382215976715087891e+00
-1.206806659698486328e+01 -1.575797677040100098e+00
1.018778991699218750e+01 -7.591580152511596680e-01
-1.623514771461486816e+00 9.151669502258300781e+00
-1.238183784484863281e+01 2.670642137527465820e+00
-1.418048262596130371e+00 2.109230804443359375e+01
1.800604057312011719e+01 8.783064842224121094e+00
6.407270431518554688e+00 1.472801446914672852e+00
-1.572305870056152344e+01 2.228988647460937500e+01
-7.287642478942871094e+00 -1.028446435928344727e+00
-8.918907165527343750e+00 -1.059495162963867188e+01
-4.306444644927978516e+00 -4.335874691605567932e-02
1.129641342163085938e+01 -1.668987464904785156e+01
-8.544023513793945312e+00 -1.291151428222656250e+01
-7.007002353668212891e+00 -2.571270227432250977e+00
-9.550164222717285156e+00 4.087852001190185547e+00
-2.335363388061523438e+01 3.985729694366455078e+00
2.145764082670211792e-01 2.346160697937011719e+01
1.031801986694335938e+01 8.493329048156738281e+00
-1.028132629394531250e+01 -1.961744499206542969e+01
-1.491924047470092773e+00 9.796049118041992188e+00
8.748969078063964844e+00 1.376322174072265625e+01
-3.266496956348419189e-01 -1.024005651473999023e+00
-1.078104114532470703e+01 2.953848540782928467e-01
-4.797625064849853516e+00 1.203462982177734375e+01
-9.468357086181640625e+00 7.305793762207031250e+00
-1.043101692199707031e+01 1.755066299438476562e+01
4.183290958404541016e+00 -1.141032695770263672e+01
-5.293452739715576172e+00 7.473232746124267578e+00
-6.457545280456542969e+00 -1.665939807891845703e+00
-4.948948860168457031e+00 -5.840069770812988281e+00
