6.842603683471679688e+00
5.725046157836914062e+00
6.759301662445068359e+00
7.937858104705810547e+00
7.928371429443359375e+00
7.928371429443359375e+00
8.460985183715820312e+00
8.460985183715820312e+00
7.937858104705810547e+00
7.928371429443359375e+00
8.460985183715820312e+00
7.928371429443359375e+00
7.928371429443359375e+00
7.928371429443359375e+00
8.460985183715820312e+00
7.928371429443359375e+00
6.842603683471679688e+00
7.928371429443359375e+00
7.817333698272705078e+00
7.817333698272705078e+00
7.817333698272705078e+00
8.460985183715820312e+00
7.817333698272705078e+00
5.100836753845214844e+00
8.460985183715820312e+00
6.842603683471679688e+00
6.842603683471679688e+00
6.842603683471679688e+00
5.559319972991943359e+00
7.817333698272705078e+00
7.937858104705810547e+00
6.842603683471679688e+00
7.928371429443359375e+00
7.928371429443359375e+00
8.460985183715820312e+00
7.928371429443359375e+00
7.817333698272705078e+00
6.759301662445068359e+00
7.928371429443359375e+00
8.460985183715820312e+00
7.937858104705810547e+00
8.460985183715820312e+00
8.460985183715820312e+00
7.817333698272705078e+00
7.928371429443359375e+00
7.817333698272705078e+00
5.755340576171875000e+00
8.460985183715820312e+00
5.583449840545654297e+00
7.937858104705810547e+00
6.759301662445068359e+00
8.460985183715820312e+00
7.937858104705810547e+00
7.928371429443359375e+00
8.460985183715820312e+00
6.842603683471679688e+00
7.937858104705810547e+00
6.499096393585205078e+00
7.928371429443359375e+00
8.460985183715820312e+00
8.460985183715820312e+00
8.460985183715820312e+00
6.759301662445068359e+00
7.937858104705810547e+00
8.460985183715820312e+00
7.937858104705810547e+00
7.928371429443359375e+00
7.937858104705810547e+00
7.817333698272705078e+00
8.460985183715820312e+00
8.460985183715820312e+00
7.928371429443359375e+00
6.497596263885498047e+00
6.842603683471679688e+00
7.928371429443359375e+00
7.928371429443359375e+00
7.928371429443359375e+00
6.723112106323242188e+00
6.499096393585205078e+00
6.842603683471679688e+00
7.937858104705810547e+00
7.817333698272705078e+00
7.937858104705810547e+00
7.937858104705810547e+00
7.817333698272705078e+00
8.460985183715820312e+00
6.723112106323242188e+00
7.817333698272705078e+00
7.937858104705810547e+00
7.928371429443359375e+00
6.842603683471679688e+00
6.842603683471679688e+00
7.928371429443359375e+00
7.928371429443359375e+00
8.460985183715820312e+00
8.460985183715820312e+00
7.928371429443359375e+00
6.497596263885498047e+00
8.460985183715820312e+00
8.460985183715820312e+00
6.499096393585205078e+00
7.937858104705810547e+00
5.832050800323486328e+00
7.928371429443359375e+00
6.759301662445068359e+00
7.937858104705810547e+00
7.937858104705810547e+00
8.460985183715820312e+00
5.776837825775146484e+00
7.928371429443359375e+00
7.937858104705810547e+00
7.937858104705810547e+00
5.706477642059326172e+00
6.497596263885498047e+00
5.725046157836914062e+00
7.817333698272705078e+00
6.842603683471679688e+00
7.928371429443359375e+00
7.928371429443359375e+00
7.937858104705810547e+00
7.817333698272705078e+00
7.817333698272705078e+00
7.937858104705810547e+00
7.937858104705810547e+00
5.388484477996826172e+00
8.460985183715820312e+00
7.928371429443359375e+00
7.817333698272705078e+00
6.842603683471679688e+00
7.937858104705810547e+00
5.832050800323486328e+00
7.937858104705810547e+00
8.460985183715820312e+00
8.460985183715820312e+00
8.460985183715820312e+00
7.937858104705810547e+00
6.723112106323242188e+00
7.817333698272705078e+00
8.460985183715820312e+00
7.817333698272705078e+00
5.832050800323486328e+00
5.559319972991943359e+00
7.817333698272705078e+00
7.928371429443359375e+00
6.759301662445068359e+00
7.937858104705810547e+00
8.460985183715820312e+00
8.460985183715820312e+00
7.817333698272705078e+00
8.460985183715820312e+00
8.460985183715820312e+00
7.937858104705810547e+00
7.928371429443359375e+00
5.583449840545654297e+00
7.928371429443359375e+00
6.842603683471679688e+00
6.499096393585205078e+00
8.460985183715820312e+00
8.460985183715820312e+00
8.460985183715820312e+00
7.817333698272705078e+00
5.930034637451171875e+00
5.987181663513183594e+00
6.842603683471679688e+00
6.499096393585205078e+00
7.817333698272705078e+00
7.937858104705810547e+00
8.460985183715820312e+00
7.928371429443359375e+00
7.928371429443359375e+00
8.460985183715820312e+00
8.460985183715820312e+00
6.842603683471679688e+00
7.937858104705810547e+00
7.937858104705810547e+00
5.520346164703369141e+00
6.723112106323242188e+00
7.937858104705810547e+00
7.817333698272705078e+00
7.817333698272705078e+00
7.937858104705810547e+00
7.937858104705810547e+00
7.928371429443359375e+00
5.277256011962890625e+00
7.937858104705810547e+00
8.460985183715820312e+00
7.937858104705810547e+00
8.460985183715820312e+00
5.535143852233886719e+00
7.928371429443359375e+00
6.759301662445068359e+00
7.817333698272705078e+00
7.928371429443359375e+00
5.794436454772949219e+00
6.842603683471679688e+00
6.759301662445068359e+00
5.987181663513183594e+00
6.497596263885498047e+00
7.928371429443359375e+00
7.937858104705810547e+00
7.817333698272705078e+00
7.937858104705810547e+00
7.937858104705810547e+00
6.497596263885498047e+00
6.759301662445068359e+00
7.928371429443359375e+00
8.460985183715820312e+00
6.723112106323242188e+00
8.460985183715820312e+00
7.817333698272705078e+00
7.937858104705810547e+00
7.928371429443359375e+00
7.928371429443359375e+00
8.460985183715820312e+00
7.928371429443359375e+00
8.460985183715820312e+00
7.928371429443359375e+00
8.460985183715820312e+00
7.817333698272705078e+00
7.928371429443359375e+00
7.928371429443359375e+00
7.817333698272705078e+00
6.842603683471679688e+00
7.928371429443359375e+00
7.937858104705810547e+00
7.937858104705810547e+00
8.460985183715820312e+00
6.497596263885498047e+00
6.499096393585205078e+00
7.817333698272705078e+00
7.937858104705810547e+00
7.937858104705810547e+00
8.460985183715820312e+00
6.759301662445068359e+00
7.928371429443359375e+00
7.817333698272705078e+00
7.817333698272705078e+00
7.928371429443359375e+00
7.817333698272705078e+00
6.723112106323242188e+00
5.962086677551269531e+00
5.559319972991943359e+00
5.784050464630126953e+00
7.928371429443359375e+00
8.460985183715820312e+00
7.928371429443359375e+00
7.817333698272705078e+00
7.937858104705810547e+00
5.706477642059326172e+00
7.928371429443359375e+00
7.817333698272705078e+00
6.842603683471679688e+00
6.499096393585205078e+00
7.928371429443359375e+00
7.817333698272705078e+00
7.937858104705810547e+00
5.370110511779785156e+00
7.937858104705810547e+00
8.460985183715820312e+00
7.928371429443359375e+00
7.817333698272705078e+00
7.817333698272705078e+00
6.842603683471679688e+00
6.499096393585205078e+00
7.817333698272705078e+00
5.784050464630126953e+00
6.842603683471679688e+00
6.499096393585205078e+00
7.937858104705810547e+00
6.842603683471679688e+00
6.842603683471679688e+00
8.460985183715820312e+00
7.928371429443359375e+00
8.460985183715820312e+00
6.842603683471679688e+00
7.817333698272705078e+00
8.460985183715820312e+00
7.928371429443359375e+00
7.937858104705810547e+00
6.842603683471679688e+00
8.460985183715820312e+00
6.497596263885498047e+00
8.460985183715820312e+00
5.725046157836914062e+00
8.460985183715820312e+00
6.497596263885498047e+00
6.499096393585205078e+00
7.937858104705810547e+00
7.928371429443359375e+00
7.937858104705810547e+00
6.497596263885498047e+00
7.817333698272705078e+00
8.460985183715820312e+00
7.817333698272705078e+00
7.937858104705810547e+00
8.460985183715820312e+00
7.817333698272705078e+00
6.497596263885498047e+00
5.370110511779785156e+00
7.937858104705810547e+00
7.817333698272705078e+00
7.928371429443359375e+00
7.817333698272705078e+00
8.460985183715820312e+00
5.127331733703613281e+00
8.460985183715820312e+00
6.842603683471679688e+00
6.842603683471679688e+00
7.937858104705810547e+00
7.928371429443359375e+00
8.460985183715820312e+00
8.460985183715820312e+00
6.499096393585205078e+00
8.460985183715820312e+00
5.370110511779785156e+00
8.460985183715820312e+00
6.842603683471679688e+00
7.937858104705810547e+00
7.817333698272705078e+00
7.817333698272705078e+00
6.723112106323242188e+00
8.460985183715820312e+00
8.460985183715820312e+00
6.499096393585205078e+00
8.460985183715820312e+00
6.759301662445068359e+00
7.928371429443359375e+00
7.928371429443359375e+00
7.817333698272705078e+00
7.937858104705810547e+00
7.928371429443359375e+00
5.930034637451171875e+00
7.817333698272705078e+00
7.817333698272705078e+00
7.817333698272705078e+00
6.842603683471679688e+00
7.937858104705810547e+00
5.686152458190917969e+00
8.460985183715820312e+00
7.937858104705810547e+00
8.460985183715820312e+00
7.937858104705810547e+00
6.759301662445068359e+00
7.928371429443359375e+00
7.928371429443359375e+00
4.839777946472167969e+00
6.497596263885498047e+00
7.937858104705810547e+00
6.842603683471679688e+00
5.331000328063964844e+00
6.842603683471679688e+00
7.817333698272705078e+00
8.460985183715820312e+00
7.928371429443359375e+00
7.928371429443359375e+00
8.460985183715820312e+00
7.928371429443359375e+00
7.817333698272705078e+00
8.460985183715820312e+00
5.755340576171875000e+00
7.928371429443359375e+00
7.937858104705810547e+00
8.460985183715820312e+00
6.723112106323242188e+00
5.930034637451171875e+00
8.460985183715820312e+00
7.937858104705810547e+00
6.499096393585205078e+00
7.817333698272705078e+00
7.928371429443359375e+00
6.723112106323242188e+00
7.928371429443359375e+00
8.460985183715820312e+00
8.460985183715820312e+00
7.937858104705810547e+00
7.928371429443359375e+00
8.460985183715820312e+00
6.759301662445068359e+00
7.928371429443359375e+00
6.497596263885498047e+00
7.928371429443359375e+00
5.962086677551269531e+00
7.937858104705810547e+00
5.794436454772949219e+00
6.842603683471679688e+00
6.723112106323242188e+00
8.460985183715820312e+00
8.460985183715820312e+00
7.928371429443359375e+00
6.842603683471679688e+00
8.460985183715820312e+00
7.937858104705810547e+00
7.928371429443359375e+00
7.817333698272705078e+00
5.930034637451171875e+00
7.928371429443359375e+00
7.928371429443359375e+00
5.725046157836914062e+00
8.460985183715820312e+00
7.928371429443359375e+00
7.937858104705810547e+00
6.723112106323242188e+00
7.817333698272705078e+00
6.723112106323242188e+00
7.937858104705810547e+00
7.817333698272705078e+00
7.817333698272705078e+00
8.460985183715820312e+00
7.817333698272705078e+00
6.499096393585205078e+00
8.460985183715820312e+00
5.583449840545654297e+00
7.928371429443359375e+00
6.759301662445068359e+00
8.460985183715820312e+00
7.817333698272705078e+00
4.953301906585693359e+00
7.817333698272705078e+00
6.723112106323242188e+00
6.842603683471679688e+00
7.928371429443359375e+00
7.937858104705810547e+00
8.460985183715820312e+00
7.937858104705810547e+00
5.404152393341064453e+00
7.937858104705810547e+00
7.937858104705810547e+00
6.723112106323242188e+00
7.937858104705810547e+00
7.928371429443359375e+00
8.460985183715820312e+00
6.842603683471679688e+00
7.817333698272705078e+00
8.460985183715820312e+00
7.928371429443359375e+00
6.497596263885498047e+00
6.842603683471679688e+00
5.312087535858154297e+00
8.460985183715820312e+00
7.817333698272705078e+00
7.817333698272705078e+00
7.937858104705810547e+00
7.817333698272705078e+00
8.460985183715820312e+00
7.937858104705810547e+00
7.937858104705810547e+00
8.460985183715820312e+00
6.842603683471679688e+00
5.409318447113037109e+00
5.930034637451171875e+00
7.928371429443359375e+00
8.460985183715820312e+00
5.433691024780273438e+00
7.937858104705810547e+00
5.520346164703369141e+00
7.817333698272705078e+00
5.987181663513183594e+00
7.937858104705810547e+00
6.499096393585205078e+00
8.460985183715820312e+00
6.723112106323242188e+00
7.928371429443359375e+00
7.928371429443359375e+00
7.937858104705810547e+00
7.928371429443359375e+00
6.723112106323242188e+00
7.928371429443359375e+00
6.499096393585205078e+00
8.460985183715820312e+00
8.460985183715820312e+00
5.987181663513183594e+00
6.723112106323242188e+00
6.842603683471679688e+00
7.937858104705810547e+00
7.937858104705810547e+00
8.460985183715820312e+00
7.817333698272705078e+00
7.928371429443359375e+00
5.725046157836914062e+00
7.817333698272705078e+00
8.460985183715820312e+00
7.817333698272705078e+00
7.817333698272705078e+00
8.460985183715820312e+00
5.794436454772949219e+00
7.817333698272705078e+00
7.928371429443359375e+00
8.460985183715820312e+00
7.937858104705810547e+00
6.759301662445068359e+00
8.460985183715820312e+00
5.784050464630126953e+00
5.987181663513183594e+00
7.937858104705810547e+00
8.460985183715820312e+00
7.937858104705810547e+00
7.817333698272705078e+00
7.928371429443359375e+00
5.794436454772949219e+00
8.460985183715820312e+00
5.962086677551269531e+00
5.755340576171875000e+00
7.817333698272705078e+00
7.928371429443359375e+00
7.817333698272705078e+00
7.937858104705810547e+00
7.817333698272705078e+00
6.842603683471679688e+00
7.817333698272705078e+00
8.460985183715820312e+00
8.460985183715820312e+00
8.460985183715820312e+00
8.460985183715820312e+00
7.817333698272705078e+00
7.817333698272705078e+00
5.243131637573242188e+00
8.460985183715820312e+00
8.460985183715820312e+00
6.497596263885498047e+00
6.723112106323242188e+00
8.460985183715820312e+00
8.460985183715820312e+00
8.460985183715820312e+00
5.784050464630126953e+00
7.817333698272705078e+00
5.559319972991943359e+00
7.817333698272705078e+00
7.817333698272705078e+00
7.937858104705810547e+00
6.723112106323242188e+00
5.583449840545654297e+00
6.759301662445068359e+00
7.817333698272705078e+00
7.928371429443359375e+00
6.497596263885498047e+00
8.460985183715820312e+00
5.429739952087402344e+00
8.460985183715820312e+00
7.937858104705810547e+00
8.460985183715820312e+00
5.962086677551269531e+00
7.817333698272705078e+00
6.759301662445068359e+00
8.460985183715820312e+00
8.460985183715820312e+00
7.817333698272705078e+00
7.937858104705810547e+00
7.928371429443359375e+00
7.817333698272705078e+00
7.937858104705810547e+00
8.460985183715820312e+00
5.776837825775146484e+00
6.842603683471679688e+00
7.928371429443359375e+00
7.817333698272705078e+00
8.460985183715820312e+00
6.759301662445068359e+00
6.759301662445068359e+00
7.937858104705810547e+00
6.499096393585205078e+00
7.817333698272705078e+00
7.928371429443359375e+00
7.817333698272705078e+00
6.723112106323242188e+00
7.928371429443359375e+00
7.817333698272705078e+00
6.499096393585205078e+00
7.817333698272705078e+00
6.499096393585205078e+00
8.460985183715820312e+00
8.460985183715820312e+00
7.817333698272705078e+00
7.937858104705810547e+00
8.460985183715820312e+00
7.928371429443359375e+00
7.937858104705810547e+00
7.817333698272705078e+00
6.842603683471679688e+00
8.460985183715820312e+00
6.759301662445068359e+00
8.460985183715820312e+00
7.817333698272705078e+00
8.460985183715820312e+00
7.928371429443359375e+00
7.928371429443359375e+00
5.404152393341064453e+00
6.759301662445068359e+00
6.759301662445068359e+00
6.723112106323242188e+00
7.928371429443359375e+00
6.497596263885498047e+00
7.817333698272705078e+00
7.928371429443359375e+00
7.928371429443359375e+00
8.460985183715820312e+00
7.937858104705810547e+00
8.460985183715820312e+00
5.583449840545654297e+00
5.686152458190917969e+00
7.817333698272705078e+00
5.930034637451171875e+00
7.817333698272705078e+00
8.460985183715820312e+00
7.928371429443359375e+00
6.842603683471679688e+00
6.759301662445068359e+00
7.937858104705810547e+00
6.842603683471679688e+00
7.817333698272705078e+00
8.460985183715820312e+00
7.928371429443359375e+00
5.794436454772949219e+00
7.817333698272705078e+00
6.842603683471679688e+00
7.817333698272705078e+00
5.559319972991943359e+00
6.723112106323242188e+00
7.817333698272705078e+00
6.759301662445068359e+00
6.842603683471679688e+00
6.759301662445068359e+00
7.928371429443359375e+00
7.937858104705810547e+00
7.937858104705810547e+00
7.928371429443359375e+00
8.460985183715820312e+00
7.817333698272705078e+00
8.460985183715820312e+00
7.937858104705810547e+00
8.460985183715820312e+00
7.937858104705810547e+00
4.971280097961425781e+00
8.460985183715820312e+00
4.780361652374267578e+00
6.723112106323242188e+00
5.706477642059326172e+00
7.817333698272705078e+00
7.928371429443359375e+00
8.460985183715820312e+00
6.759301662445068359e+00
6.842603683471679688e+00
7.937858104705810547e+00
8.460985183715820312e+00
7.937858104705810547e+00
7.817333698272705078e+00
7.928371429443359375e+00
6.723112106323242188e+00
7.937858104705810547e+00
7.937858104705810547e+00
7.937858104705810547e+00
6.723112106323242188e+00
6.499096393585205078e+00
7.937858104705810547e+00
7.817333698272705078e+00
7.928371429443359375e+00
7.817333698272705078e+00
5.818379878997802734e+00
8.460985183715820312e+00
7.928371429443359375e+00
6.759301662445068359e+00
8.460985183715820312e+00
7.928371429443359375e+00
8.460985183715820312e+00
7.817333698272705078e+00
8.460985183715820312e+00
8.460985183715820312e+00
7.817333698272705078e+00
7.928371429443359375e+00
7.817333698272705078e+00
7.937858104705810547e+00
6.723112106323242188e+00
8.460985183715820312e+00
8.460985183715820312e+00
6.497596263885498047e+00
6.842603683471679688e+00
8.460985183715820312e+00
7.928371429443359375e+00
7.937858104705810547e+00
7.928371429443359375e+00
7.817333698272705078e+00
7.928371429443359375e+00
5.559319972991943359e+00
7.817333698272705078e+00
7.937858104705810547e+00
6.759301662445068359e+00
7.817333698272705078e+00
7.928371429443359375e+00
7.817333698272705078e+00
6.499096393585205078e+00
7.817333698272705078e+00
7.937858104705810547e+00
7.937858104705810547e+00
6.499096393585205078e+00
6.759301662445068359e+00
7.937858104705810547e+00
7.928371429443359375e+00
7.937858104705810547e+00
7.817333698272705078e+00
7.817333698272705078e+00
8.460985183715820312e+00
8.460985183715820312e+00
8.460985183715820312e+00
7.817333698272705078e+00
7.928371429443359375e+00
7.937858104705810547e+00
7.817333698272705078e+00
7.817333698272705078e+00
8.460985183715820312e+00
8.460985183715820312e+00
8.460985183715820312e+00
7.937858104705810547e+00
7.817333698272705078e+00
5.333237648010253906e+00
6.497596263885498047e+00
6.723112106323242188e+00
6.497596263885498047e+00
6.497596263885498047e+00
7.928371429443359375e+00
8.460985183715820312e+00
5.686152458190917969e+00
7.928371429443359375e+00
7.937858104705810547e+00
5.962086677551269531e+00
8.460985183715820312e+00
6.723112106323242188e+00
7.937858104705810547e+00
4.971280097961425781e+00
5.987181663513183594e+00
8.460985183715820312e+00
8.460985183715820312e+00
5.018863677978515625e+00
8.460985183715820312e+00
5.023390769958496094e+00
6.723112106323242188e+00
5.206197738647460938e+00
7.937858104705810547e+00
7.937858104705810547e+00
6.842603683471679688e+00
6.723112106323242188e+00
6.759301662445068359e+00
7.928371429443359375e+00
6.759301662445068359e+00
7.817333698272705078e+00
6.842603683471679688e+00
7.817333698272705078e+00
5.755340576171875000e+00
6.759301662445068359e+00
7.817333698272705078e+00
7.928371429443359375e+00
7.937858104705810547e+00
7.928371429443359375e+00
7.928371429443359375e+00
7.928371429443359375e+00
7.817333698272705078e+00
8.460985183715820312e+00
7.937858104705810547e+00
8.460985183715820312e+00
7.928371429443359375e+00
7.928371429443359375e+00
6.499096393585205078e+00
7.937858104705810547e+00
5.409318447113037109e+00
7.937858104705810547e+00
8.460985183715820312e+00
4.208969116210937500e+00
7.817333698272705078e+00
4.907891273498535156e+00
7.928371429443359375e+00
7.928371429443359375e+00
5.962086677551269531e+00
8.460985183715820312e+00
8.460985183715820312e+00
7.817333698272705078e+00
8.460985183715820312e+00
7.937858104705810547e+00
7.928371429443359375e+00
5.686152458190917969e+00
7.817333698272705078e+00
8.460985183715820312e+00
7.817333698272705078e+00
7.928371429443359375e+00
7.817333698272705078e+00
7.928371429443359375e+00
7.817333698272705078e+00
8.460985183715820312e+00
7.817333698272705078e+00
7.928371429443359375e+00
7.817333698272705078e+00
8.460985183715820312e+00
7.937858104705810547e+00
8.460985183715820312e+00
5.776837825775146484e+00
7.937858104705810547e+00
8.460985183715820312e+00
7.817333698272705078e+00
8.460985183715820312e+00
8.460985183715820312e+00
5.784050464630126953e+00
5.832050800323486328e+00
7.937858104705810547e+00
8.460985183715820312e+00
7.928371429443359375e+00
7.937858104705810547e+00
7.817333698272705078e+00
7.928371429443359375e+00
7.937858104705810547e+00
7.937858104705810547e+00
6.499096393585205078e+00
8.460985183715820312e+00
6.759301662445068359e+00
7.817333698272705078e+00
8.460985183715820312e+00
7.928371429443359375e+00
6.759301662445068359e+00
7.937858104705810547e+00
7.817333698272705078e+00
6.759301662445068359e+00
8.460985183715820312e+00
7.817333698272705078e+00
8.460985183715820312e+00
8.460985183715820312e+00
8.460985183715820312e+00
7.928371429443359375e+00
6.723112106323242188e+00
5.755340576171875000e+00
7.937858104705810547e+00
7.817333698272705078e+00
7.817333698272705078e+00
5.776837825775146484e+00
6.497596263885498047e+00
5.535143852233886719e+00
5.583449840545654297e+00
6.759301662445068359e+00
7.817333698272705078e+00
5.776837825775146484e+00
5.725046157836914062e+00
8.460985183715820312e+00
7.817333698272705078e+00
8.460985183715820312e+00
5.725046157836914062e+00
7.928371429443359375e+00
7.817333698272705078e+00
6.499096393585205078e+00
7.817333698272705078e+00
5.776837825775146484e+00
7.928371429443359375e+00
6.723112106323242188e+00
8.460985183715820312e+00
7.928371429443359375e+00
6.759301662445068359e+00
7.817333698272705078e+00
5.213000297546386719e+00
7.928371429443359375e+00
7.817333698272705078e+00
6.759301662445068359e+00
6.759301662445068359e+00
7.928371429443359375e+00
7.937858104705810547e+00
8.460985183715820312e+00
6.759301662445068359e+00
7.937858104705810547e+00
5.755340576171875000e+00
5.535143852233886719e+00
8.460985183715820312e+00
8.460985183715820312e+00
8.460985183715820312e+00
6.723112106323242188e+00
8.460985183715820312e+00
7.937858104705810547e+00
8.460985183715820312e+00
7.937858104705810547e+00
7.937858104705810547e+00
5.962086677551269531e+00
6.842603683471679688e+00
7.937858104705810547e+00
4.736409187316894531e+00
6.759301662445068359e+00
7.817333698272705078e+00
7.937858104705810547e+00
5.930034637451171875e+00
8.460985183715820312e+00
8.460985183715820312e+00
8.460985183715820312e+00
8.460985183715820312e+00
7.937858104705810547e+00
6.759301662445068359e+00
7.928371429443359375e+00
7.937858104705810547e+00
7.928371429443359375e+00
7.817333698272705078e+00
8.460985183715820312e+00
5.755340576171875000e+00
7.928371429443359375e+00
6.723112106323242188e+00
8.460985183715820312e+00
7.817333698272705078e+00
7.928371429443359375e+00
7.817333698272705078e+00
6.759301662445068359e+00
6.759301662445068359e+00
7.817333698272705078e+00
6.723112106323242188e+00
5.559319972991943359e+00
5.832050800323486328e+00
7.928371429443359375e+00
7.937858104705810547e+00
6.759301662445068359e+00
7.937858104705810547e+00
7.937858104705810547e+00
5.388484477996826172e+00
8.460985183715820312e+00
6.842603683471679688e+00
8.460985183715820312e+00
7.937858104705810547e+00
7.928371429443359375e+00
7.937858104705810547e+00
7.928371429443359375e+00
7.928371429443359375e+00
8.460985183715820312e+00
8.460985183715820312e+00
7.928371429443359375e+00
7.817333698272705078e+00
7.928371429443359375e+00
7.817333698272705078e+00
7.937858104705810547e+00
5.193318367004394531e+00
5.962086677551269531e+00
6.842603683471679688e+00
5.433691024780273438e+00
6.842603683471679688e+00
7.937858104705810547e+00
5.147941589355468750e+00
8.460985183715820312e+00
7.817333698272705078e+00
5.193318367004394531e+00
7.937858104705810547e+00
6.723112106323242188e+00
8.460985183715820312e+00
8.460985183715820312e+00
7.928371429443359375e+00
8.460985183715820312e+00
8.460985183715820312e+00
5.962086677551269531e+00
7.817333698272705078e+00
8.460985183715820312e+00
7.928371429443359375e+00
7.937858104705810547e+00
6.759301662445068359e+00
7.928371429443359375e+00
7.817333698272705078e+00
6.759301662445068359e+00
7.817333698272705078e+00
6.497596263885498047e+00
7.928371429443359375e+00
7.817333698272705078e+00
5.784050464630126953e+00
7.817333698272705078e+00
6.723112106323242188e+00
8.460985183715820312e+00
6.497596263885498047e+00
7.937858104705810547e+00
6.497596263885498047e+00
7.937858104705810547e+00
8.460985183715820312e+00
5.206197738647460938e+00
8.460985183715820312e+00
7.937858104705810547e+00
6.842603683471679688e+00
8.460985183715820312e+00
7.937858104705810547e+00
7.928371429443359375e+00
5.776837825775146484e+00
7.928371429443359375e+00
7.817333698272705078e+00
8.460985183715820312e+00
6.497596263885498047e+00
7.928371429443359375e+00
7.928371429443359375e+00
5.686152458190917969e+00
8.460985183715820312e+00
7.928371429443359375e+00
7.817333698272705078e+00
8.460985183715820312e+00
5.755340576171875000e+00
5.962086677551269531e+00
7.928371429443359375e+00
7.817333698272705078e+00
7.817333698272705078e+00
7.937858104705810547e+00
7.817333698272705078e+00
5.243131637573242188e+00
6.499096393585205078e+00
6.759301662445068359e+00
8.460985183715820312e+00
6.499096393585205078e+00
8.460985183715820312e+00
7.928371429443359375e+00
7.937858104705810547e+00
7.937858104705810547e+00
7.928371429443359375e+00
