6.670374393463134766e+00
5.482341766357421875e+00
7.231897354125976562e+00
7.384472846984863281e+00
7.905556678771972656e+00
8.682449340820312500e+00
6.277545452117919922e+00
7.110866546630859375e+00
7.124363899230957031e+00
7.847446918487548828e+00
6.984643459320068359e+00
6.395026683807373047e+00
8.328329086303710938e+00
6.813204765319824219e+00
6.924791812896728516e+00
6.519295215606689453e+00
6.850398540496826172e+00
8.113215446472167969e+00
8.313100814819335938e+00
7.063979625701904297e+00
6.881310939788818359e+00
6.610223293304443359e+00
6.527509689331054688e+00
7.782832622528076172e+00
7.110980510711669922e+00
7.438623905181884766e+00
8.186223030090332031e+00
5.739467144012451172e+00
7.821379661560058594e+00
8.508958816528320312e+00
6.578034400939941406e+00
7.323704719543457031e+00
7.566027164459228516e+00
8.515303611755371094e+00
7.642762660980224609e+00
6.756372451782226562e+00
7.699356079101562500e+00
7.870969295501708984e+00
7.308331489562988281e+00
7.197235107421875000e+00
5.812910556793212891e+00
6.270132064819335938e+00
6.326482295989990234e+00
8.481271743774414062e+00
8.339754104614257812e+00
8.153708457946777344e+00
6.542042732238769531e+00
6.693195343017578125e+00
6.774724006652832031e+00
8.032522201538085938e+00
7.863897800445556641e+00
7.446446895599365234e+00
7.724445819854736328e+00
7.240382194519042969e+00
7.427414894104003906e+00
6.954664707183837891e+00
8.237980842590332031e+00
7.970611572265625000e+00
7.672006607055664062e+00
5.908304214477539062e+00
8.392272949218750000e+00
7.571037292480468750e+00
6.517603397369384766e+00
7.222697734832763672e+00
6.931870460510253906e+00
6.142855644226074219e+00
6.821220874786376953e+00
6.443446636199951172e+00
6.171483039855957031e+00
7.077012062072753906e+00
6.474835872650146484e+00
8.347005844116210938e+00
6.550253868103027344e+00
7.661490917205810547e+00
6.771242618560791016e+00
8.309260368347167969e+00
6.898641586303710938e+00
8.847600936889648438e+00
8.306049346923828125e+00
7.814538955688476562e+00
7.373046398162841797e+00
8.678372383117675781e+00
7.118449687957763672e+00
6.363747119903564453e+00
7.886826038360595703e+00
5.683734893798828125e+00
7.530721664428710938e+00
7.379043579101562500e+00
7.474036693572998047e+00
5.911074638366699219e+00
7.744592666625976562e+00
5.516871929168701172e+00
6.370823383331298828e+00
5.994660854339599609e+00
6.504623889923095703e+00
6.566680431365966797e+00
5.949937820434570312e+00
4.997442245483398438e+00
5.355841636657714844e+00
6.957890510559082031e+00
6.343429088592529297e+00
7.869354248046875000e+00
6.131836414337158203e+00
8.425796508789062500e+00
6.499046802520751953e+00
6.941028118133544922e+00
7.603337287902832031e+00
8.919401168823242188e+00
7.556986808776855469e+00
6.642296791076660156e+00
8.064517974853515625e+00
7.250262260437011719e+00
7.736725807189941406e+00
7.859283924102783203e+00
7.928476333618164062e+00
8.416432380676269531e+00
8.177190780639648438e+00
5.964634895324707031e+00
7.629846572875976562e+00
8.190162658691406250e+00
8.071887969970703125e+00
7.112909317016601562e+00
8.199057579040527344e+00
8.914972305297851562e+00
5.630846023559570312e+00
8.132533073425292969e+00
7.590535640716552734e+00
9.488273620605468750e+00
6.921867847442626953e+00
7.544696807861328125e+00
5.725726127624511719e+00
6.184248924255371094e+00
9.027148246765136719e+00
5.239717483520507812e+00
7.005700588226318359e+00
6.627406120300292969e+00
6.685826778411865234e+00
5.817358970642089844e+00
7.525820255279541016e+00
7.808948993682861328e+00
7.952176094055175781e+00
5.922270298004150391e+00
6.582051277160644531e+00
5.780028820037841797e+00
6.984268665313720703e+00
7.815765857696533203e+00
7.999078750610351562e+00
7.930423259735107422e+00
7.437337398529052734e+00
6.729367256164550781e+00
7.576232433319091797e+00
8.953907012939453125e+00
6.108933448791503906e+00
6.883586406707763672e+00
8.855746269226074219e+00
7.873639106750488281e+00
6.509432315826416016e+00
8.967131614685058594e+00
7.610852241516113281e+00
7.580085277557373047e+00
7.117538452148437500e+00
7.280604839324951172e+00
7.061623573303222656e+00
7.858341693878173828e+00
6.674747467041015625e+00
6.939610481262207031e+00
6.756385326385498047e+00
8.812510490417480469e+00
6.657599449157714844e+00
7.856030464172363281e+00
6.822980403900146484e+00
6.503764152526855469e+00
7.391803264617919922e+00
8.160217285156250000e+00
7.870321750640869141e+00
6.659626007080078125e+00
7.808202743530273438e+00
7.726910591125488281e+00
7.348857879638671875e+00
7.789109706878662109e+00
7.233903408050537109e+00
7.407634735107421875e+00
8.258860588073730469e+00
6.081561565399169922e+00
7.678696155548095703e+00
8.231172561645507812e+00
6.704099655151367188e+00
6.828989028930664062e+00
5.701683998107910156e+00
4.386380195617675781e+00
6.525168418884277344e+00
6.905938625335693359e+00
6.767639160156250000e+00
6.050292968750000000e+00
7.156997680664062500e+00
7.276779174804687500e+00
8.110888481140136719e+00
6.374273777008056641e+00
8.358804702758789062e+00
6.974078655242919922e+00
7.590431690216064453e+00
7.488485813140869141e+00
7.431368827819824219e+00
6.815062522888183594e+00
8.419911384582519531e+00
7.468729496002197266e+00
5.776034832000732422e+00
6.580072402954101562e+00
6.448968410491943359e+00
6.922103881835937500e+00
6.578829765319824219e+00
7.865596294403076172e+00
8.776505470275878906e+00
8.445046424865722656e+00
7.437560081481933594e+00
9.035148620605468750e+00
6.626327991485595703e+00
7.637413024902343750e+00
6.359325885772705078e+00
7.709109783172607422e+00
6.566867828369140625e+00
7.164059162139892578e+00
5.586379051208496094e+00
8.444773674011230469e+00
4.529065608978271484e+00
7.521994590759277344e+00
6.247935295104980469e+00
8.335715293884277344e+00
9.274883270263671875e+00
6.621568679809570312e+00
7.314783096313476562e+00
6.646876811981201172e+00
7.219328880310058594e+00
7.816825866699218750e+00
7.364666938781738281e+00
7.117284774780273438e+00
7.435296535491943359e+00
7.264997482299804688e+00
6.826336860656738281e+00
6.600982189178466797e+00
5.959280014038085938e+00
6.560545921325683594e+00
7.868234157562255859e+00
6.814738273620605469e+00
7.585225582122802734e+00
6.860492706298828125e+00
4.779643058776855469e+00
6.989740848541259766e+00
6.749852180480957031e+00
7.222107887268066406e+00
6.666675090789794922e+00
6.563670158386230469e+00
7.952111244201660156e+00
6.924623966217041016e+00
5.708724498748779297e+00
7.651733398437500000e+00
6.933388710021972656e+00
7.525740623474121094e+00
7.701717853546142578e+00
5.967690467834472656e+00
6.617364883422851562e+00
6.612901687622070312e+00
7.761353492736816406e+00
7.590297222137451172e+00
7.001477241516113281e+00
7.645545959472656250e+00
5.890853881835937500e+00
6.738117218017578125e+00
8.280419349670410156e+00
6.983408451080322266e+00
7.128114700317382812e+00
7.749066352844238281e+00
7.755238056182861328e+00
6.327794551849365234e+00
6.724242210388183594e+00
7.572328090667724609e+00
7.222187519073486328e+00
7.115705966949462891e+00
7.135475635528564453e+00
6.546401977539062500e+00
6.335718154907226562e+00
7.861182212829589844e+00
6.727119445800781250e+00
7.999515056610107422e+00
6.374401092529296875e+00
8.217473030090332031e+00
6.585633754730224609e+00
6.790101051330566406e+00
6.165387153625488281e+00
5.739308357238769531e+00
7.450181007385253906e+00
7.195719718933105469e+00
6.819692611694335938e+00
8.021523475646972656e+00
6.260823726654052734e+00
6.927915096282958984e+00
7.121748924255371094e+00
7.921785831451416016e+00
7.592398643493652344e+00
8.747335433959960938e+00
5.157561302185058594e+00
8.063817024230957031e+00
8.833465576171875000e+00
7.335421562194824219e+00
8.350413322448730469e+00
7.356626987457275391e+00
6.801533699035644531e+00
7.678883075714111328e+00
7.444917678833007812e+00
6.407738208770751953e+00
5.556437969207763672e+00
6.910933971405029297e+00
4.655855178833007812e+00
7.910223960876464844e+00
7.676051616668701172e+00
5.821945190429687500e+00
9.483413696289062500e+00
7.636977195739746094e+00
5.612196445465087891e+00
7.255821228027343750e+00
6.519649982452392578e+00
5.519516944885253906e+00
7.423940181732177734e+00
7.291244506835937500e+00
7.444089412689208984e+00
9.296909332275390625e+00
7.916100025177001953e+00
7.641005039215087891e+00
7.698583126068115234e+00
6.377162933349609375e+00
7.178087234497070312e+00
9.954998016357421875e+00
7.332954883575439453e+00
9.736993789672851562e+00
9.039583206176757812e+00
7.319180488586425781e+00
9.736687660217285156e+00
7.710742473602294922e+00
6.034126281738281250e+00
6.102608680725097656e+00
7.518844127655029297e+00
6.549448013305664062e+00
7.099596977233886719e+00
5.862874031066894531e+00
8.931900978088378906e+00
8.106150627136230469e+00
6.842574596405029297e+00
5.576434612274169922e+00
5.939829826354980469e+00
6.341492652893066406e+00
8.455412864685058594e+00
6.225799560546875000e+00
7.982434749603271484e+00
6.485098838806152344e+00
7.403765201568603516e+00
7.497584342956542969e+00
6.561888694763183594e+00
6.689207077026367188e+00
6.758622169494628906e+00
5.091725826263427734e+00
8.483104705810546875e+00
5.534131526947021484e+00
7.859349727630615234e+00
5.582142353057861328e+00
6.229509353637695312e+00
8.164579391479492188e+00
7.202591419219970703e+00
7.886575222015380859e+00
8.095445632934570312e+00
6.593548774719238281e+00
6.332078456878662109e+00
8.072596549987792969e+00
8.536531448364257812e+00
6.554729461669921875e+00
7.056662082672119141e+00
6.698392391204833984e+00
9.308975219726562500e+00
7.151151657104492188e+00
5.545031547546386719e+00
6.113505363464355469e+00
7.359917163848876953e+00
7.252657890319824219e+00
7.340412616729736328e+00
8.538013458251953125e+00
7.076176166534423828e+00
8.551177024841308594e+00
9.366794586181640625e+00
6.203059673309326172e+00
6.537441253662109375e+00
7.048822402954101562e+00
6.404811859130859375e+00
8.601950645446777344e+00
6.750311374664306641e+00
6.213201522827148438e+00
6.453841209411621094e+00
7.207104206085205078e+00
7.072712898254394531e+00
9.101778984069824219e+00
6.819374561309814453e+00
6.970300197601318359e+00
7.821301460266113281e+00
7.239327907562255859e+00
7.242630958557128906e+00
7.993877410888671875e+00
6.544790267944335938e+00
6.471999168395996094e+00
7.184718132019042969e+00
6.572346687316894531e+00
6.921523094177246094e+00
6.846537113189697266e+00
6.592258930206298828e+00
8.088624000549316406e+00
7.134196758270263672e+00
8.206361770629882812e+00
6.486184120178222656e+00
6.986338615417480469e+00
6.731257438659667969e+00
9.674169540405273438e+00
6.522356033325195312e+00
5.459444522857666016e+00
6.824214458465576172e+00
6.867818355560302734e+00
6.587276935577392578e+00
7.099821090698242188e+00
6.123064041137695312e+00
6.828206062316894531e+00
7.084915637969970703e+00
4.829088211059570312e+00
8.142479896545410156e+00
6.959817409515380859e+00
8.199147224426269531e+00
7.378996372222900391e+00
6.851928234100341797e+00
7.683961868286132812e+00
6.522343635559082031e+00
7.818478584289550781e+00
7.856620311737060547e+00
9.100675582885742188e+00
8.484613418579101562e+00
6.349632740020751953e+00
7.299566268920898438e+00
6.546005725860595703e+00
7.805668830871582031e+00
7.019241809844970703e+00
8.428592681884765625e+00
5.192303657531738281e+00
6.667147159576416016e+00
5.825420379638671875e+00
6.882213115692138672e+00
6.552315711975097656e+00
7.901287555694580078e+00
7.011615276336669922e+00
8.327624320983886719e+00
8.413169860839843750e+00
7.416285514831542969e+00
8.651269912719726562e+00
7.510699272155761719e+00
8.112296104431152344e+00
7.412028789520263672e+00
6.260449409484863281e+00
5.377735614776611328e+00
7.807011604309082031e+00
8.034692764282226562e+00
6.571697711944580078e+00
7.074522972106933594e+00
9.642558097839355469e+00
7.243552207946777344e+00
7.478566646575927734e+00
6.170471668243408203e+00
6.806457519531250000e+00
6.016779899597167969e+00
5.837871551513671875e+00
8.244444847106933594e+00
6.131731033325195312e+00
7.962733268737792969e+00
6.386198520660400391e+00
7.103676795959472656e+00
7.865313529968261719e+00
6.929875373840332031e+00
5.534666538238525391e+00
7.714942932128906250e+00
6.318662643432617188e+00
8.544949531555175781e+00
7.372206211090087891e+00
6.346232414245605469e+00
9.169736862182617188e+00
8.543552398681640625e+00
7.911281585693359375e+00
8.319343566894531250e+00
7.539478302001953125e+00
7.041692256927490234e+00
6.549115657806396484e+00
6.570710182189941406e+00
6.337718963623046875e+00
7.882456779479980469e+00
6.303858757019042969e+00
6.203651428222656250e+00
7.688708305358886719e+00
6.728369235992431641e+00
8.675479888916015625e+00
9.292641639709472656e+00
7.985828399658203125e+00
6.050669193267822266e+00
7.154849052429199219e+00
8.504899024963378906e+00
7.795840740203857422e+00
4.825921058654785156e+00
6.939296245574951172e+00
7.928971290588378906e+00
6.115831851959228516e+00
7.517106056213378906e+00
7.556818485260009766e+00
7.492647647857666016e+00
5.466537952423095703e+00
9.850238800048828125e+00
7.020851135253906250e+00
6.516942501068115234e+00
6.241961002349853516e+00
7.686608791351318359e+00
8.179278373718261719e+00
9.963228225708007812e+00
7.831455230712890625e+00
7.282521247863769531e+00
8.389523506164550781e+00
6.435216426849365234e+00
6.549848079681396484e+00
7.487190723419189453e+00
6.860671997070312500e+00
7.677943229675292969e+00
8.307222366333007812e+00
4.961676597595214844e+00
6.335388660430908203e+00
6.539188861846923828e+00
8.965110778808593750e+00
8.264370918273925781e+00
6.483793735504150391e+00
6.253456115722656250e+00
8.318630218505859375e+00
7.884562492370605469e+00
7.823898792266845703e+00
6.672722816467285156e+00
9.021486282348632812e+00
6.807791709899902344e+00
6.550134658813476562e+00
5.804240703582763672e+00
6.085459709167480469e+00
8.443941116333007812e+00
8.016815185546875000e+00
6.618630409240722656e+00
8.100636482238769531e+00
6.877950668334960938e+00
7.772222995758056641e+00
6.827549457550048828e+00
6.862829685211181641e+00
7.396769523620605469e+00
6.342214107513427734e+00
6.802743911743164062e+00
7.527338981628417969e+00
5.996034622192382812e+00
7.335784912109375000e+00
7.496138572692871094e+00
6.541934013366699219e+00
9.432099342346191406e+00
7.585724353790283203e+00
4.751741409301757812e+00
8.235376358032226562e+00
7.148222923278808594e+00
6.286821365356445312e+00
6.652279853820800781e+00
5.411545276641845703e+00
7.866345882415771484e+00
7.658887863159179688e+00
7.060685634613037109e+00
7.231726646423339844e+00
6.834613800048828125e+00
7.639263629913330078e+00
6.700654983520507812e+00
6.036731719970703125e+00
8.278601646423339844e+00
6.468783855438232422e+00
6.746361255645751953e+00
6.798916816711425781e+00
6.663686752319335938e+00
8.304819107055664062e+00
8.362066268920898438e+00
7.294147491455078125e+00
6.029549598693847656e+00
9.469646453857421875e+00
7.498206138610839844e+00
6.892573356628417969e+00
9.539841651916503906e+00
5.910235404968261719e+00
6.922084331512451172e+00
7.852702140808105469e+00
7.694161415100097656e+00
5.990953922271728516e+00
6.429078102111816406e+00
8.345740318298339844e+00
8.065814971923828125e+00
8.373211860656738281e+00
7.576378822326660156e+00
7.153345108032226562e+00
7.360345840454101562e+00
7.304873466491699219e+00
5.989762783050537109e+00
7.518993377685546875e+00
6.079863548278808594e+00
5.831270217895507812e+00
7.535694599151611328e+00
6.475164890289306641e+00
6.883733272552490234e+00
8.728776931762695312e+00
6.400248050689697266e+00
7.764070510864257812e+00
8.605298042297363281e+00
7.757421493530273438e+00
7.502392768859863281e+00
8.522493362426757812e+00
7.729144096374511719e+00
7.494378566741943359e+00
6.220986843109130859e+00
8.390844345092773438e+00
5.036869049072265625e+00
5.785984039306640625e+00
7.339549541473388672e+00
8.055014610290527344e+00
6.642039299011230469e+00
6.618195533752441406e+00
8.481072425842285156e+00
9.613560676574707031e+00
6.629377365112304688e+00
6.342627525329589844e+00
8.238028526306152344e+00
8.107288360595703125e+00
8.772764205932617188e+00
6.142287731170654297e+00
6.934368133544921875e+00
6.329972743988037109e+00
7.086170673370361328e+00
4.572208404541015625e+00
7.235778331756591797e+00
6.474477767944335938e+00
8.060762405395507812e+00
8.746435165405273438e+00
7.364662647247314453e+00
6.648605823516845703e+00
8.106445312500000000e+00
7.935952186584472656e+00
5.475916862487792969e+00
5.670085430145263672e+00
6.628709316253662109e+00
9.062857627868652344e+00
9.068024635314941406e+00
5.997379779815673828e+00
7.198863983154296875e+00
7.755974769592285156e+00
5.548261165618896484e+00
7.226094722747802734e+00
8.131010055541992188e+00
7.276601791381835938e+00
6.920994758605957031e+00
7.732765674591064453e+00
7.360126495361328125e+00
8.073613166809082031e+00
6.953410148620605469e+00
7.287378787994384766e+00
6.465472698211669922e+00
7.641865253448486328e+00
7.085017681121826172e+00
7.917561054229736328e+00
7.411200523376464844e+00
7.893441200256347656e+00
7.191694259643554688e+00
6.614815711975097656e+00
6.639773845672607422e+00
5.797348022460937500e+00
8.343482971191406250e+00
7.646577358245849609e+00
6.859359741210937500e+00
6.433641433715820312e+00
7.148320198059082031e+00
5.629366874694824219e+00
7.464920520782470703e+00
8.109804153442382812e+00
6.672326087951660156e+00
8.376752853393554688e+00
7.266655445098876953e+00
6.909649848937988281e+00
7.278711795806884766e+00
8.100920677185058594e+00
7.447248458862304688e+00
6.639379978179931641e+00
5.691746711730957031e+00
6.984307765960693359e+00
7.915469646453857422e+00
5.936251640319824219e+00
6.876168727874755859e+00
7.649938106536865234e+00
8.352241516113281250e+00
6.866116046905517578e+00
7.383631229400634766e+00
7.105108261108398438e+00
7.701943874359130859e+00
7.355597496032714844e+00
6.825554847717285156e+00
7.667294025421142578e+00
6.432371616363525391e+00
7.329473495483398438e+00
7.641674518585205078e+00
6.312601089477539062e+00
8.463656425476074219e+00
8.989832878112792969e+00
7.827965736389160156e+00
8.482025146484375000e+00
8.149624824523925781e+00
8.219400405883789062e+00
6.961383819580078125e+00
7.442447662353515625e+00
9.144517898559570312e+00
7.715399265289306641e+00
6.541973114013671875e+00
7.276426792144775391e+00
8.381464004516601562e+00
8.326472282409667969e+00
7.362101078033447266e+00
6.905446529388427734e+00
8.361486434936523438e+00
6.528954982757568359e+00
7.367436408996582031e+00
6.944660663604736328e+00
6.064482688903808594e+00
6.823863029479980469e+00
8.674159049987792969e+00
7.899155616760253906e+00
8.042175292968750000e+00
7.763697624206542969e+00
7.474719047546386719e+00
8.141595840454101562e+00
8.860995292663574219e+00
6.995763778686523438e+00
7.438965320587158203e+00
7.564944744110107422e+00
7.396269321441650391e+00
6.982143402099609375e+00
7.242776393890380859e+00
6.262234687805175781e+00
7.114082813262939453e+00
7.389106273651123047e+00
7.727840423583984375e+00
6.655711650848388672e+00
8.192174911499023438e+00
6.640133380889892578e+00
7.817998409271240234e+00
7.236943721771240234e+00
6.776587963104248047e+00
7.474508762359619141e+00
5.586377143859863281e+00
5.852875232696533203e+00
6.848289012908935547e+00
6.730778217315673828e+00
8.125516891479492188e+00
7.849409580230712891e+00
7.154635906219482422e+00
6.778671264648437500e+00
7.442312717437744141e+00
8.250495910644531250e+00
7.696081161499023438e+00
8.294270515441894531e+00
6.504761219024658203e+00
6.263919353485107422e+00
7.234850883483886719e+00
6.203660488128662109e+00
7.999283313751220703e+00
6.941378116607666016e+00
8.195677757263183594e+00
7.980154514312744141e+00
6.125803470611572266e+00
7.934577465057373047e+00
7.626833438873291016e+00
7.127098083496093750e+00
7.462735176086425781e+00
7.148043632507324219e+00
7.557245254516601562e+00
7.885614395141601562e+00
7.488040924072265625e+00
6.044563293457031250e+00
6.735455513000488281e+00
8.378208160400390625e+00
7.142250061035156250e+00
6.796290397644042969e+00
7.335057258605957031e+00
6.566958904266357422e+00
6.922522544860839844e+00
6.904398441314697266e+00
6.143175125122070312e+00
5.943285942077636719e+00
6.293223857879638672e+00
5.340238094329833984e+00
8.067632675170898438e+00
8.428798675537109375e+00
7.757566928863525391e+00
7.396299362182617188e+00
5.754487037658691406e+00
7.886233329772949219e+00
7.795421600341796875e+00
7.491451740264892578e+00
9.120298385620117188e+00
7.365904808044433594e+00
7.067031383514404297e+00
6.221567153930664062e+00
6.908938407897949219e+00
5.748576164245605469e+00
6.440337181091308594e+00
7.382515907287597656e+00
7.280778884887695312e+00
8.173558235168457031e+00
6.542739868164062500e+00
7.866783618927001953e+00
7.932281970977783203e+00
7.556094169616699219e+00
7.715209007263183594e+00
7.165576934814453125e+00
5.902548789978027344e+00
6.044114112854003906e+00
6.614715099334716797e+00
6.568617820739746094e+00
8.494899749755859375e+00
5.067950248718261719e+00
7.195607662200927734e+00
7.205333232879638672e+00
5.142146110534667969e+00
6.555887699127197266e+00
7.351830959320068359e+00
6.977638721466064453e+00
7.382015228271484375e+00
7.450432777404785156e+00
7.647431850433349609e+00
6.794800281524658203e+00
6.137217521667480469e+00
1.038591766357421875e+01
6.579770565032958984e+00
8.026180267333984375e+00
7.753601551055908203e+00
8.166041374206542969e+00
7.574792861938476562e+00
7.157856941223144531e+00
6.124535083770751953e+00
5.862564563751220703e+00
6.225585460662841797e+00
8.015437126159667969e+00
7.216281414031982422e+00
4.179582118988037109e+00
5.718454837799072266e+00
5.727231025695800781e+00
8.783829689025878906e+00
7.795645236968994141e+00
7.115890979766845703e+00
6.570135593414306641e+00
7.433531761169433594e+00
7.577836513519287109e+00
8.120662689208984375e+00
7.702060699462890625e+00
7.961116790771484375e+00
5.477236747741699219e+00
8.142981529235839844e+00
6.211499214172363281e+00
8.027197837829589844e+00
6.993347167968750000e+00
8.058968544006347656e+00
6.558884620666503906e+00
7.076940059661865234e+00
7.425448894500732422e+00
7.890894412994384766e+00
7.148521900177001953e+00
7.197672843933105469e+00
5.541735649108886719e+00
5.718735218048095703e+00
7.452046871185302734e+00
7.702834129333496094e+00
7.420303344726562500e+00
6.700203895568847656e+00
8.059472084045410156e+00
6.440136432647705078e+00
6.535284519195556641e+00
8.794487953186035156e+00
5.934596061706542969e+00
6.603318214416503906e+00
8.255707740783691406e+00
8.327180862426757812e+00
7.899788379669189453e+00
8.955550193786621094e+00
8.136929512023925781e+00
6.414806842803955078e+00
8.336914062500000000e+00
6.650523185729980469e+00
7.673553466796875000e+00
6.480459213256835938e+00
9.205418586730957031e+00
7.883790969848632812e+00
7.364291191101074219e+00
5.425115585327148438e+00
9.946431159973144531e+00
7.711215496063232422e+00
7.860293388366699219e+00
8.220107078552246094e+00
8.227666854858398438e+00
6.336071491241455078e+00
5.382763862609863281e+00
5.802689075469970703e+00
7.954851150512695312e+00
7.671147823333740234e+00
7.382378578186035156e+00
7.356977462768554688e+00
5.959828376770019531e+00
7.322019577026367188e+00
7.169271469116210938e+00
6.773259162902832031e+00
5.943094253540039062e+00
7.455843925476074219e+00
6.296316623687744141e+00
6.981098175048828125e+00
7.874888420104980469e+00
5.354545593261718750e+00
6.716575622558593750e+00
8.920551300048828125e+00
7.867416858673095703e+00
6.559370517730712891e+00
6.141298294067382812e+00
5.691881179809570312e+00
7.771871566772460938e+00
7.014424800872802734e+00
7.202378273010253906e+00
6.184657573699951172e+00
8.869670867919921875e+00
8.012253761291503906e+00
8.949381828308105469e+00
6.848850727081298828e+00
6.823780059814453125e+00
7.291576862335205078e+00
7.371296882629394531e+00
8.101227760314941406e+00
7.374839305877685547e+00
8.459744453430175781e+00
6.815515995025634766e+00
8.774764060974121094e+00
6.946160793304443359e+00
6.106636047363281250e+00
9.449524879455566406e+00
7.213429450988769531e+00
6.243734359741210938e+00
7.995331764221191406e+00
8.117535591125488281e+00
7.303596973419189453e+00
6.394951343536376953e+00
7.783321380615234375e+00
7.201191425323486328e+00
7.295331001281738281e+00
8.042594909667968750e+00
7.776494026184082031e+00
7.759275436401367188e+00
7.469309806823730469e+00
7.846936225891113281e+00
6.593550682067871094e+00
7.343150138854980469e+00
8.006991386413574219e+00
6.635540962219238281e+00
7.880047321319580078e+00
7.529047966003417969e+00
7.692960739135742188e+00
7.109041213989257812e+00
6.502793312072753906e+00
6.777958869934082031e+00
7.438450336456298828e+00
8.231880187988281250e+00
7.913971424102783203e+00
6.731131553649902344e+00
5.241621971130371094e+00
7.302632808685302734e+00
7.530578613281250000e+00
7.530567646026611328e+00
8.573540687561035156e+00
6.681883335113525391e+00
8.707425117492675781e+00
7.291608333587646484e+00
8.344062805175781250e+00
7.632924556732177734e+00
7.357430934906005859e+00
6.659583091735839844e+00
7.240260601043701172e+00
9.996658325195312500e+00
7.086956024169921875e+00
8.353231430053710938e+00
8.494894981384277344e+00
8.808877944946289062e+00
7.518949508666992188e+00
9.769905090332031250e+00
8.086912155151367188e+00
7.660870552062988281e+00
6.739060878753662109e+00
6.998216152191162109e+00
