2.178206920623779297e+00 5.175744295120239258e-01 2.229964447021484375e+01
2.142736196517944336e+00 -6.932055950164794922e-01 2.073415756225585938e+01
2.125835657119750977e+00 -7.441487908363342285e-02 2.118394088745117188e+01
2.242950201034545898e+00 -1.428413391113281250e+00 2.100108909606933594e+01
2.282436847686767578e+00 -3.431607484817504883e-01 2.248120689392089844e+01
2.102060317993164062e+00 4.687284529209136963e-01 2.148933219909667969e+01
2.239670276641845703e+00 -8.958953619003295898e-01 2.150080680847167969e+01
2.166405439376831055e+00 -4.533293843269348145e-02 2.161872100830078125e+01
2.346967935562133789e+00 -3.682577908039093018e-01 2.310142135620117188e+01
2.136668682098388672e+00 -7.033224105834960938e-01 2.066336441040039062e+01
2.285979509353637695e+00 6.453711986541748047e-01 2.350516510009765625e+01
2.204901218414306641e+00 -7.302986383438110352e-01 2.131871223449707031e+01
2.136503696441650391e+00 3.154298961162567139e-01 2.168046569824218750e+01
2.222335815429687500e+00 -7.191139459609985352e-01 2.150424385070800781e+01
2.241106986999511719e+00 -5.510663390159606934e-01 2.186000442504882812e+01
2.275625228881835938e+00 -2.825602591037750244e-01 2.247369194030761719e+01
2.101454973220825195e+00 -9.527319669723510742e-01 2.006181716918945312e+01
2.138563871383666992e+00 -7.716315388679504395e-01 2.061400794982910156e+01
2.127284526824951172e+00 -3.133417665958404541e-01 2.095950508117675781e+01
2.262618303298950195e+00 -5.991187095642089844e-01 2.202706336975097656e+01
2.253884553909301758e+00 -5.216926336288452148e-01 2.201715278625488281e+01
2.194788217544555664e+00 3.721169531345367432e-01 2.231999778747558594e+01
2.085921049118041992e+00 -8.384463787078857422e-01 2.002076530456542969e+01
2.231008291244506836e+00 -2.415684908628463745e-01 2.206851577758789062e+01
2.062722682952880859e+00 -7.432672977447509766e-01 1.988396072387695312e+01
2.199318647384643555e+00 -5.434226989746093750e-01 2.144976425170898438e+01
2.206782341003417969e+00 1.843844354152679443e-01 2.225220870971679688e+01
2.262188911437988281e+00 -1.113578081130981445e+00 2.150831031799316406e+01
2.244982719421386719e+00 -3.523347973823547363e-01 2.209749221801757812e+01
2.154319524765014648e+00 -5.477657318115234375e-01 2.099542999267578125e+01
2.125623464584350586e+00 -2.479010671377182007e-01 2.100833320617675781e+01
2.262523412704467773e+00 -1.626595854759216309e-02 2.260896873474121094e+01
2.078597307205200195e+00 -4.834698438644409180e-01 2.030250358581542969e+01
1.991812586784362793e+00 -8.637756109237670898e-01 1.905434989929199219e+01
2.089919805526733398e+00 2.218058705329895020e-02 2.092137908935546875e+01
2.292377710342407227e+00 -9.551198482513427734e-01 2.196865653991699219e+01
2.337695121765136719e+00 -1.289614737033843994e-01 2.324798965454101562e+01
2.279314279556274414e+00 -1.620671600103378296e-01 2.263107490539550781e+01
2.194433927536010742e+00 2.542172372341156006e-01 2.219855690002441406e+01
2.180659532546997070e+00 2.923231422901153564e-01 2.209891891479492188e+01
2.056568145751953125e+00 8.804374933242797852e-02 2.065372467041015625e+01
2.094121694564819336e+00 -1.125230073928833008e+00 1.981598663330078125e+01
2.059027910232543945e+00 -6.842315196990966797e-01 1.990604782104492188e+01
2.044713497161865234e+00 -3.316659927368164062e-01 2.011547088623046875e+01
2.138924837112426758e+00 -1.618929207324981689e-01 2.122735404968261719e+01
2.214660167694091797e+00 -6.524767875671386719e-01 2.149412536621093750e+01
1.997760534286499023e+00 -1.370813101530075073e-01 1.984052467346191406e+01
2.069198846817016602e+00 -8.016724586486816406e-01 1.989031600952148438e+01
1.983818292617797852e+00 -5.164940953254699707e-01 1.932168769836425781e+01
2.183121919631958008e+00 -1.166064143180847168e+00 2.066515541076660156e+01
2.202864885330200195e+00 -9.243923425674438477e-01 2.110425567626953125e+01
2.171073436737060547e+00 -5.492613315582275391e-01 2.116147422790527344e+01
2.162503719329833984e+00 -3.681478798389434814e-01 2.125688934326171875e+01
2.091108083724975586e+00 -1.038746476173400879e+00 1.987233543395996094e+01
2.288376569747924805e+00 5.935257673263549805e-02 2.294311904907226562e+01
2.280771017074584961e+00 -7.164211273193359375e-01 2.209128952026367188e+01
2.045919418334960938e+00 -5.485186576843261719e-01 1.991067504882812500e+01
2.133925914764404297e+00 -1.798434108495712280e-01 2.115941619873046875e+01
2.246980667114257812e+00 -3.920077085494995117e-01 2.207779884338378906e+01
2.262992143630981445e+00 -3.283014893531799316e-02 2.259709167480468750e+01
1.995934486389160156e+00 -4.328923225402832031e-01 1.952645301818847656e+01
2.182239294052124023e+00 -3.916752636432647705e-01 2.143071746826171875e+01
2.396923780441284180e+00 -1.902931928634643555e-02 2.395020866394042969e+01
2.146088838577270508e+00 -5.219286084175109863e-01 2.093895912170410156e+01
2.202754259109497070e+00 -2.061349153518676758e-02 2.200692939758300781e+01
2.283223390579223633e+00 -4.958949089050292969e-01 2.233633804321289062e+01
2.196902275085449219e+00 -8.803461790084838867e-01 2.108867645263671875e+01
1.958047866821289062e+00 -1.279149651527404785e-01 1.945256423950195312e+01
2.275482654571533203e+00 -2.180612534284591675e-01 2.253676414489746094e+01
2.328541755676269531e+00 -6.192091703414916992e-01 2.266620826721191406e+01
2.114886283874511719e+00 -7.991498112678527832e-01 2.034971237182617188e+01
2.291204690933227539e+00 -6.117178201675415039e-01 2.230032920837402344e+01
2.059755563735961914e+00 2.548182904720306396e-01 2.085237312316894531e+01
2.254278898239135742e+00 -8.948657512664794922e-01 2.164792442321777344e+01
2.185254335403442383e+00 -3.823872506618499756e-01 2.147015571594238281e+01
2.116075992584228516e+00 -9.357129335403442383e-01 2.022504615783691406e+01
2.285410881042480469e+00 -7.117442488670349121e-01 2.214236450195312500e+01
2.298960924148559570e+00 2.938542664051055908e-01 2.328346252441406250e+01
2.114379882812500000e+00 -6.154926419258117676e-01 2.052830696105957031e+01
2.132251739501953125e+00 6.891503930091857910e-02 2.139143180847167969e+01
2.128817796707153320e+00 -1.141328811645507812e+00 2.014684867858886719e+01
2.250009775161743164e+00 -4.650398194789886475e-01 2.203505706787109375e+01
2.256827831268310547e+00 -6.173879504203796387e-01 2.195089149475097656e+01
2.190076828002929688e+00 -1.220664381980895996e-02 2.188856124877929688e+01
2.215682506561279297e+00 -1.346199959516525269e-01 2.202220535278320312e+01
2.262490987777709961e+00 -6.630005836486816406e-01 2.196191024780273438e+01
2.180423498153686523e+00 -1.895193755626678467e-01 2.161471557617187500e+01
2.265659809112548828e+00 -1.146377027034759521e-01 2.254195976257324219e+01
2.335117101669311523e+00 2.177601754665374756e-01 2.356893157958984375e+01
2.057444095611572266e+00 -6.501350402832031250e-01 1.992430496215820312e+01
2.117515325546264648e+00 1.511227786540985107e-01 2.132627677917480469e+01
2.043901205062866211e+00 -4.849189817905426025e-01 1.995409393310546875e+01
2.281914710998535156e+00 -2.025576382875442505e-01 2.261658859252929688e+01
2.059975147247314453e+00 -2.802254557609558105e-01 2.031952476501464844e+01
2.125086307525634766e+00 -1.552161425352096558e-01 2.109564590454101562e+01
2.234365701675415039e+00 -1.074250578880310059e+00 2.126940536499023438e+01
2.118975877761840820e+00 -4.199093282222747803e-01 2.076984977722167969e+01
2.196907758712768555e+00 -4.297558665275573730e-01 2.153932189941406250e+01
2.343656063079833984e+00 -1.130286931991577148e+00 2.230627441406250000e+01
2.163474559783935547e+00 2.587513029575347900e-01 2.189349746704101562e+01
2.245172023773193359e+00 -1.008442997932434082e+00 2.144327735900878906e+01
2.071347951889038086e+00 -2.872689664363861084e-01 2.042621040344238281e+01
2.036509513854980469e+00 -8.114256858825683594e-01 1.955366897583007812e+01
2.230309724807739258e+00 3.732402622699737549e-01 2.267633628845214844e+01
2.136695861816406250e+00 -1.855516880750656128e-01 2.118140602111816406e+01
2.237250089645385742e+00 -3.466737270355224609e-01 2.202582740783691406e+01
2.067845821380615234e+00 -4.037033319473266602e-01 2.027475547790527344e+01
2.003709793090820312e+00 -1.384735852479934692e-01 1.989862442016601562e+01
2.199879407882690430e+00 -5.599853396415710449e-02 2.194279670715332031e+01
2.152908086776733398e+00 -6.434390544891357422e-01 2.088564300537109375e+01
2.037598133087158203e+00 -3.337313532829284668e-01 2.004224967956542969e+01
2.105605840682983398e+00 4.641535878181457520e-02 2.110247421264648438e+01
2.010975837707519531e+00 1.550835371017456055e-02 2.012526702880859375e+01
2.263316869735717773e+00 -8.301505446434020996e-02 2.255015373229980469e+01
2.193377494812011719e+00 -3.335055112838745117e-01 2.160026931762695312e+01
2.053791999816894531e+00 -4.953667521476745605e-01 2.004255294799804688e+01
2.289736986160278320e+00 -3.626149892807006836e-01 2.253475379943847656e+01
2.186835050582885742e+00 7.183414697647094727e-01 2.258669281005859375e+01
2.190600395202636719e+00 -5.030155181884765625e-01 2.140298843383789062e+01
2.257729530334472656e+00 -6.826892495155334473e-02 2.250902557373046875e+01
2.050565481185913086e+00 -4.845657944679260254e-01 2.002108955383300781e+01
2.169352293014526367e+00 3.912478387355804443e-01 2.208477210998535156e+01
2.220145225524902344e+00 -7.587647438049316406e-01 2.144268798828125000e+01
2.136018276214599609e+00 -1.584008336067199707e-01 2.120178222656250000e+01
2.212279081344604492e+00 -8.244699835777282715e-01 2.129832077026367188e+01
2.063523292541503906e+00 -1.072009444236755371e+00 1.956322288513183594e+01
2.256881237030029297e+00 -1.312760472297668457e+00 2.125605201721191406e+01
2.172033786773681641e+00 -8.255419731140136719e-01 2.089479446411132812e+01
2.124022006988525391e+00 2.170415222644805908e-01 2.145726013183593750e+01
2.210905790328979492e+00 -2.768335938453674316e-01 2.183222389221191406e+01
2.069514036178588867e+00 -1.078048050403594971e-01 2.058733558654785156e+01
2.237467050552368164e+00 -2.652327418327331543e-01 2.210943794250488281e+01
2.043704748153686523e+00 -8.542169928550720215e-01 1.958283042907714844e+01
2.162015438079833984e+00 -5.353178977966308594e-01 2.108483695983886719e+01
2.146768808364868164e+00 -3.445503711700439453e-01 2.112313652038574219e+01
2.145756006240844727e+00 -1.116333842277526855e+00 2.034122657775878906e+01
2.167682886123657227e+00 -3.134684562683105469e-01 2.136335945129394531e+01
2.327788114547729492e+00 -8.553874492645263672e-02 2.319234275817871094e+01
2.326255798339843750e+00 -6.808766126632690430e-01 2.258168220520019531e+01
2.062136173248291016e+00 -3.270479440689086914e-01 2.029431343078613281e+01
2.037941217422485352e+00 3.856992423534393311e-01 2.076511001586914062e+01
2.084149122238159180e+00 -1.788686066865921021e-01 2.066262245178222656e+01
2.255151748657226562e+00 -7.841438651084899902e-01 2.176737403869628906e+01
2.163101434707641602e+00 2.256554365158081055e-02 2.165357971191406250e+01
2.188312053680419922e+00 5.085189342498779297e-01 2.239163970947265625e+01
2.195393323898315430e+00 -4.837135076522827148e-01 2.147022056579589844e+01
2.037990331649780273e+00 6.969109177589416504e-02 2.044959449768066406e+01
2.246713399887084961e+00 -5.013152956962585449e-01 2.196581840515136719e+01
2.183357238769531250e+00 -8.223457336425781250e-01 2.101122665405273438e+01
2.255076885223388672e+00 -8.732003569602966309e-01 2.167757034301757812e+01
2.202056646347045898e+00 -6.725747585296630859e-01 2.134799194335937500e+01
2.145440816879272461e+00 -8.673812150955200195e-01 2.058702659606933594e+01
2.235360145568847656e+00 -2.712151408195495605e-02 2.232648086547851562e+01
2.212509393692016602e+00 -6.830677390098571777e-01 2.144202613830566406e+01
2.067272663116455078e+00 -8.419588804244995117e-01 1.983076667785644531e+01
2.248831748962402344e+00 -9.949202537536621094e-01 2.149339675903320312e+01
2.161175966262817383e+00 4.718562960624694824e-02 2.165894508361816406e+01
2.102428674697875977e+00 -1.032706856727600098e+00 1.999157905578613281e+01
2.195787906646728516e+00 -6.906684637069702148e-01 2.126721000671386719e+01
2.244321584701538086e+00 -7.536689043045043945e-01 2.168954658508300781e+01
2.017479419708251953e+00 -9.171917438507080078e-01 1.925760078430175781e+01
2.049247026443481445e+00 -5.257884860038757324e-01 1.996668052673339844e+01
2.341543674468994141e+00 -1.623876988887786865e-01 2.325304794311523438e+01
2.156177282333374023e+00 -3.193556666374206543e-01 2.124241828918457031e+01
2.276343584060668945e+00 -1.277755200862884521e-01 2.263566017150878906e+01
2.004888296127319336e+00 -6.912951469421386719e-01 1.935758781433105469e+01
2.193964004516601562e+00 -8.202189207077026367e-02 2.185761833190917969e+01
2.148545503616333008e+00 -2.288961708545684814e-01 2.125655746459960938e+01
2.201216697692871094e+00 -4.517102241516113281e-01 2.156045722961425781e+01
2.106290817260742188e+00 -5.638996362686157227e-01 2.049900817871093750e+01
2.210858821868896484e+00 -1.458911180496215820e+00 2.064967727661132812e+01
2.176546812057495117e+00 -2.635763883590698242e-01 2.150189208984375000e+01
2.258666753768920898e+00 -7.113207578659057617e-01 2.187534713745117188e+01
2.161977529525756836e+00 -8.028142452239990234e-01 2.081696128845214844e+01
2.176890134811401367e+00 -2.887124419212341309e-01 2.148019027709960938e+01
2.325823783874511719e+00 -4.116199016571044922e-01 2.284661865234375000e+01
2.085376977920532227e+00 -6.060658097267150879e-01 2.024770355224609375e+01
2.236444950103759766e+00 -1.355488300323486328e-01 2.222889900207519531e+01
2.031395673751831055e+00 -1.122275352478027344e+00 1.919168090820312500e+01
2.222534418106079102e+00 -3.096906840801239014e-01 2.191565322875976562e+01
2.221299648284912109e+00 -1.581662893295288086e-02 2.219718170166015625e+01
2.350900888442993164e+00 -1.085278391838073730e+00 2.242373085021972656e+01
2.117070198059082031e+00 -4.013963937759399414e-01 2.076930618286132812e+01
2.324745416641235352e+00 -5.699056982994079590e-01 2.267754745483398438e+01
2.136740207672119141e+00 1.087464392185211182e-01 2.147614669799804688e+01
2.214063882827758789e+00 -1.158393025398254395e+00 2.098224449157714844e+01
2.006482601165771484e+00 -1.314986944198608398e+00 1.874983978271484375e+01
2.313200712203979492e+00 -4.541023671627044678e-01 2.267790603637695312e+01
2.415633678436279297e+00 -5.406445860862731934e-01 2.361569404602050781e+01
2.249108791351318359e+00 5.547575950622558594e-01 2.304584693908691406e+01
2.169450759887695312e+00 -2.480374872684478760e-01 2.144647026062011719e+01
2.281270027160644531e+00 -6.578645110130310059e-01 2.215483665466308594e+01
2.282837629318237305e+00 -5.559737682342529297e-01 2.227240371704101562e+01
2.003927707672119141e+00 1.806106269359588623e-01 2.021988677978515625e+01
2.174285650253295898e+00 -2.444608509540557861e-01 2.149839591979980469e+01
2.155875205993652344e+00 -1.641640514135360718e-01 2.139458847045898438e+01
2.126892805099487305e+00 -1.001398861408233643e-01 2.116878890991210938e+01
2.293063879013061523e+00 -6.736096143722534180e-01 2.225703048706054688e+01
2.147532939910888672e+00 3.164079487323760986e-01 2.179173851013183594e+01
2.152832031250000000e+00 -4.905825853347778320e-01 2.103773689270019531e+01
2.004614591598510742e+00 -7.638461589813232422e-01 1.928230094909667969e+01
2.131701707839965820e+00 -4.112315475940704346e-01 2.090578460693359375e+01
2.106773853302001953e+00 5.033066272735595703e-01 2.157104492187500000e+01
2.144611597061157227e+00 -5.764632821083068848e-01 2.086965179443359375e+01
2.240211486816406250e+00 -4.539275765419006348e-01 2.194818687438964844e+01
2.196181774139404297e+00 -9.068664312362670898e-01 2.105495262145996094e+01
2.130258321762084961e+00 -5.308001041412353516e-01 2.077178382873535156e+01
2.218651533126831055e+00 1.965271532535552979e-01 2.238304328918457031e+01
2.205860137939453125e+00 4.071961343288421631e-01 2.246579742431640625e+01
2.170452356338500977e+00 -8.337150812149047852e-01 2.087080764770507812e+01
2.115668296813964844e+00 4.558745026588439941e-02 2.120227050781250000e+01
1.986287593841552734e+00 -4.836002588272094727e-01 1.937927627563476562e+01
2.105159044265747070e+00 -3.538769185543060303e-01 2.069771385192871094e+01
2.083021879196166992e+00 1.308406293392181396e-01 2.096105957031250000e+01
2.184082031250000000e+00 3.569796979427337646e-01 2.219779968261718750e+01
2.182673215866088867e+00 -7.767684459686279297e-01 2.104996490478515625e+01
2.186899662017822266e+00 1.968488395214080811e-01 2.206584358215332031e+01
2.042040109634399414e+00 -3.722076117992401123e-01 2.004819297790527344e+01
2.151234388351440430e+00 3.006523847579956055e-02 2.154240989685058594e+01
2.265707731246948242e+00 1.764154434204101562e-02 2.267471885681152344e+01
2.225765705108642578e+00 -9.043458104133605957e-02 2.216722106933593750e+01
2.225299119949340820e+00 -8.372030854225158691e-01 2.141578674316406250e+01
2.058536767959594727e+00 -8.735145330429077148e-01 1.971185302734375000e+01
2.505429029464721680e+00 -9.524031877517700195e-01 2.410188674926757812e+01
2.070450067520141602e+00 -3.132314682006835938e-01 2.039126968383789062e+01
2.260873556137084961e+00 -7.415904998779296875e-01 2.186714553833007812e+01
2.186050176620483398e+00 -6.887302994728088379e-01 2.117177200317382812e+01
2.247319221496582031e+00 1.086925864219665527e-01 2.258188438415527344e+01
2.292819499969482422e+00 -2.873762249946594238e-01 2.264081954956054688e+01
2.249841451644897461e+00 5.947185754776000977e-01 2.309313392639160156e+01
2.212646007537841797e+00 4.637139141559600830e-01 2.259017562866210938e+01
2.199917793273925781e+00 -9.264320135116577148e-01 2.107274627685546875e+01
2.085896968841552734e+00 -4.972985684871673584e-01 2.036167144775390625e+01
2.153270959854125977e+00 -5.771266222000122070e-01 2.095558166503906250e+01
1.970756053924560547e+00 1.282299458980560303e-01 1.983579063415527344e+01
2.205797433853149414e+00 -5.350911021232604980e-01 2.152288246154785156e+01
2.047562122344970703e+00 -7.042386531829833984e-01 1.977138137817382812e+01
2.241973876953125000e+00 -8.158249855041503906e-01 2.160391426086425781e+01
2.059126377105712891e+00 1.535545885562896729e-01 2.074481773376464844e+01
2.188786029815673828e+00 6.342026591300964355e-02 2.195127868652343750e+01
1.979099988937377930e+00 -4.587894082069396973e-01 1.933221054077148438e+01
2.174231290817260742e+00 -5.033771991729736328e-01 2.123893547058105469e+01
2.168923139572143555e+00 -6.176609992980957031e-01 2.107157135009765625e+01
2.192193508148193359e+00 5.114169120788574219e-01 2.243335342407226562e+01
2.230158567428588867e+00 -3.685337603092193604e-01 2.193305206298828125e+01
2.112730264663696289e+00 -5.892218351364135742e-01 2.053808021545410156e+01
2.076940298080444336e+00 4.627066850662231445e-02 2.081567382812500000e+01
2.289791584014892578e+00 -6.748635768890380859e-01 2.222305107116699219e+01
2.201614618301391602e+00 -5.285489559173583984e-01 2.148759651184082031e+01
2.124171018600463867e+00 -1.192353963851928711e-01 2.112247467041015625e+01
2.280080318450927734e+00 -4.007398784160614014e-01 2.240006446838378906e+01
2.255626678466796875e+00 -1.641339540481567383e+00 2.091492652893066406e+01
2.251929759979248047e+00 -4.951511919498443604e-01 2.202414703369140625e+01
2.384882688522338867e+00 -6.466245651245117188e-01 2.320220184326171875e+01
2.008881568908691406e+00 -3.991799950599670410e-01 1.968963623046875000e+01
2.058936834335327148e+00 -3.510110676288604736e-01 2.023835754394531250e+01
2.127346992492675781e+00 -8.614820241928100586e-01 2.041198730468750000e+01
2.132794618606567383e+00 -2.028796970844268799e-01 2.112506675720214844e+01
2.153597116470336914e+00 -6.778377294540405273e-02 2.146818733215332031e+01
2.156396627426147461e+00 -6.214250326156616211e-01 2.094254112243652344e+01
2.153442621231079102e+00 1.755746304988861084e-01 2.171000099182128906e+01
2.269851446151733398e+00 -9.010245800018310547e-01 2.179749107360839844e+01
2.299327373504638672e+00 2.236172258853912354e-01 2.321689224243164062e+01
2.075837373733520508e+00 -3.452131152153015137e-01 2.041316032409667969e+01
2.141745328903198242e+00 -2.447941452264785767e-01 2.117265892028808594e+01
2.150094509124755859e+00 9.081981182098388672e-01 2.240914344787597656e+01
2.202746391296386719e+00 -2.195756584405899048e-01 2.180788803100585938e+01
2.215830326080322266e+00 -6.460329890251159668e-01 2.151226997375488281e+01
2.061079740524291992e+00 -3.198103904724121094e-01 2.029098701477050781e+01
2.132950782775878906e+00 -1.510224044322967529e-01 2.117848587036132812e+01
2.169250965118408203e+00 -1.206102013587951660e+00 2.048640632629394531e+01
2.216700077056884766e+00 -8.860577344894409180e-01 2.128094291687011719e+01
2.251721620559692383e+00 1.551999747753143311e-01 2.267241477966308594e+01
2.339155912399291992e+00 -4.193110167980194092e-01 2.297224807739257812e+01
2.058556318283081055e+00 -6.456748247146606445e-01 1.993988800048828125e+01
2.343751907348632812e+00 -5.664209127426147461e-01 2.287109756469726562e+01
2.224164009094238281e+00 -7.005675435066223145e-01 2.154107284545898438e+01
2.279520750045776367e+00 -4.966551959514617920e-01 2.229855346679687500e+01
2.154428958892822266e+00 -1.262781322002410889e-01 2.141801071166992188e+01
2.211850643157958984e+00 -8.022603392601013184e-01 2.131624794006347656e+01
2.080807924270629883e+00 -8.286795616149902344e-01 1.997939872741699219e+01
2.213645935058593750e+00 2.143952250480651855e-02 2.215789794921875000e+01
2.177381038665771484e+00 -6.419998407363891602e-01 2.113181114196777344e+01
2.177998304367065430e+00 -5.157855153083801270e-01 2.126419830322265625e+01
2.120497226715087891e+00 -3.859365880489349365e-01 2.081903457641601562e+01
2.077298402786254883e+00 -7.871509194374084473e-01 1.998583221435546875e+01
2.077790260314941406e+00 4.041502177715301514e-01 2.118205261230468750e+01
2.332417726516723633e+00 2.271979749202728271e-01 2.355137443542480469e+01
2.092321157455444336e+00 -9.073563814163208008e-01 2.001585578918457031e+01
2.124457836151123047e+00 3.647208213806152344e-03 2.124822616577148438e+01
2.262356042861938477e+00 -4.816586375236511230e-01 2.214190101623535156e+01
2.080161333084106445e+00 -6.086710691452026367e-01 2.019294166564941406e+01
2.256452083587646484e+00 -1.094182133674621582e+00 2.147033882141113281e+01
2.147047996520996094e+00 -4.684358835220336914e-02 2.142363548278808594e+01
2.190120697021484375e+00 1.054098606109619141e-01 2.200661659240722656e+01
2.145336389541625977e+00 -8.198766708374023438e-01 2.063348770141601562e+01
2.235490798950195312e+00 -1.376088559627532959e-01 2.221729850769042969e+01
2.071161985397338867e+00 -7.369462251663208008e-01 1.997467422485351562e+01
2.334416389465332031e+00 6.888403892517089844e-01 2.403300476074218750e+01
2.131819725036621094e+00 -1.100507974624633789e+00 2.021768951416015625e+01
1.966679334640502930e+00 3.034493625164031982e-01 1.997024345397949219e+01
2.018335580825805664e+00 1.645003259181976318e-01 2.034785652160644531e+01
2.259621858596801758e+00 7.651282548904418945e-01 2.336134719848632812e+01
2.211342334747314453e+00 -7.703503370285034180e-01 2.134307289123535156e+01
2.378484010696411133e+00 1.669170558452606201e-01 2.395175743103027344e+01
2.144731998443603516e+00 3.526591956615447998e-01 2.179997825622558594e+01
2.142292261123657227e+00 -3.888353109359741211e-01 2.103408622741699219e+01
2.196460485458374023e+00 7.948964834213256836e-03 2.197255516052246094e+01
2.289407491683959961e+00 -4.009875357151031494e-01 2.249308776855468750e+01
2.176495790481567383e+00 -1.085808575153350830e-01 2.165637588500976562e+01
2.170707702636718750e+00 1.122993528842926025e-01 2.181937599182128906e+01
2.076426744461059570e+00 -4.502283334732055664e-01 2.031403923034667969e+01
2.036529779434204102e+00 -3.950741291046142578e-01 1.997022247314453125e+01
2.064591884613037109e+00 -8.631992340087890625e-01 1.978272056579589844e+01
2.102519273757934570e+00 -1.166841983795166016e+00 1.985835075378417969e+01
2.256956338882446289e+00 -3.053927421569824219e-02 2.253902435302734375e+01
2.342077970504760742e+00 -9.360444545745849609e-01 2.248473548889160156e+01
2.174040079116821289e+00 -8.792603015899658203e-01 2.086113929748535156e+01
2.245049238204956055e+00 -4.513670802116394043e-01 2.199912643432617188e+01
2.221858024597167969e+00 -3.663038909435272217e-01 2.185227584838867188e+01
2.234295129776000977e+00 -1.357383728027343750e-01 2.220721244812011719e+01
2.053539037704467773e+00 -1.806729286909103394e-01 2.035471725463867188e+01
2.219669580459594727e+00 -4.389882981777191162e-01 2.175770759582519531e+01
2.261620283126831055e+00 -6.778663396835327148e-01 2.193833732604980469e+01
2.051993608474731445e+00 1.579363644123077393e-01 2.067787170410156250e+01
2.315112590789794922e+00 -2.597600221633911133e-01 2.289136695861816406e+01
2.183044433593750000e+00 1.143723130226135254e-01 2.194481658935546875e+01
2.052189350128173828e+00 -1.136706471443176270e+00 1.938518524169921875e+01
2.240321159362792969e+00 -5.670398473739624023e-01 2.183617210388183594e+01
2.251416444778442383e+00 -1.078415632247924805e+00 2.143574905395507812e+01
2.077864885330200195e+00 -8.016577959060668945e-01 1.997698974609375000e+01
2.398898839950561523e+00 -1.186762690544128418e+00 2.280222702026367188e+01
2.051153182983398438e+00 -9.983655214309692383e-01 1.951316642761230469e+01
2.062606096267700195e+00 -3.670547306537628174e-01 2.025900650024414062e+01
2.159387111663818359e+00 -2.806782722473144531e-04 2.159359169006347656e+01
2.051668405532836914e+00 2.091921865940093994e-01 2.072587585449218750e+01
2.186808109283447266e+00 -7.424696683883666992e-01 2.112561035156250000e+01
2.220469474792480469e+00 -1.514938920736312866e-01 2.205320167541503906e+01
1.929835319519042969e+00 -1.925028562545776367e-01 1.910585021972656250e+01
2.145473718643188477e+00 -2.419931590557098389e-01 2.121274375915527344e+01
2.066520214080810547e+00 -1.102378368377685547e-01 2.055496597290039062e+01
2.272734165191650391e+00 -4.134474396705627441e-01 2.231389236450195312e+01
2.239033699035644531e+00 2.270100414752960205e-01 2.261734771728515625e+01
2.407578945159912109e+00 -5.604666471481323242e-02 2.401974296569824219e+01
2.258574008941650391e+00 -5.870651006698608398e-01 2.199867439270019531e+01
2.061944484710693359e+00 -7.196505069732666016e-01 1.989979553222656250e+01
2.085227489471435547e+00 -6.513327360153198242e-03 2.084576225280761719e+01
2.356544017791748047e+00 -3.073225021362304688e-01 2.325811767578125000e+01
2.063951969146728516e+00 -7.129651308059692383e-01 1.992655372619628906e+01
2.107118606567382812e+00 -7.276303768157958984e-01 2.034355545043945312e+01
2.400332450866699219e+00 -5.375034809112548828e-01 2.346582031250000000e+01
2.129269599914550781e+00 -1.449791938066482544e-01 2.114771652221679688e+01
2.283287525177001953e+00 -1.712173521518707275e-01 2.266165733337402344e+01
2.303009033203125000e+00 -5.641595125198364258e-01 2.246593093872070312e+01
2.207123756408691406e+00 -5.956664681434631348e-02 2.201167106628417969e+01
2.081499576568603516e+00 -3.692328333854675293e-01 2.044576263427734375e+01
2.217828035354614258e+00 -4.150118231773376465e-01 2.176326751708984375e+01
2.223171949386596680e+00 -3.569248020648956299e-01 2.187479591369628906e+01
2.254791498184204102e+00 -1.172827959060668945e+00 2.137508583068847656e+01
2.205939531326293945e+00 7.344654202461242676e-02 2.213284111022949219e+01
2.123714923858642578e+00 -1.294699549674987793e+00 1.994244956970214844e+01
2.317304134368896484e+00 2.364695370197296143e-01 2.340951156616210938e+01
2.141848325729370117e+00 5.046710371971130371e-02 2.146895027160644531e+01
2.155006885528564453e+00 -5.494878292083740234e-01 2.100057983398437500e+01
2.038483619689941406e+00 -1.704404205083847046e-01 2.021439552307128906e+01
2.141388416290283203e+00 -1.331646442413330078e-01 2.128071784973144531e+01
2.236869096755981445e+00 -2.596015930175781250e-01 2.210908889770507812e+01
2.303879499435424805e+00 -5.219430327415466309e-01 2.251685333251953125e+01
2.156610965728759766e+00 -8.906127214431762695e-01 2.067549514770507812e+01
2.110782861709594727e+00 -9.178658723831176758e-01 2.018996238708496094e+01
2.018703699111938477e+00 -5.762112736701965332e-01 1.961082458496093750e+01
2.156571388244628906e+00 -3.368338346481323242e-01 2.122887992858886719e+01
2.321647167205810547e+00 4.819746315479278564e-01 2.369844818115234375e+01
2.202506065368652344e+00 -3.014182448387145996e-01 2.172364234924316406e+01
1.979205369949340820e+00 -1.441866159439086914e-03 1.979061126708984375e+01
2.371705532073974609e+00 -6.500815153121948242e-01 2.306697463989257812e+01
2.114133596420288086e+00 -3.183011710643768311e-01 2.082303619384765625e+01
2.193998336791992188e+00 -4.848237037658691406e-01 2.145516014099121094e+01
2.220964431762695312e+00 -3.177078664302825928e-01 2.189193725585937500e+01
2.252254724502563477e+00 -1.157910585403442383e+00 2.136463546752929688e+01
2.161674976348876953e+00 -1.148453354835510254e-02 2.160526466369628906e+01
2.340467929840087891e+00 -1.809948235750198364e-01 2.322368431091308594e+01
2.332538127899169922e+00 -1.789449900388717651e-01 2.314643669128417969e+01
2.104763746261596680e+00 -5.713051557540893555e-01 2.047633361816406250e+01
2.064841747283935547e+00 -2.334359884262084961e-01 2.041498184204101562e+01
2.050220251083374023e+00 -4.134230613708496094e-01 2.008877944946289062e+01
2.040465593338012695e+00 -8.982878923416137695e-01 1.950636672973632812e+01
2.138897418975830078e+00 -2.936662137508392334e-01 2.109530639648437500e+01
2.283867835998535156e+00 2.425086200237274170e-01 2.308118629455566406e+01
2.407254457473754883e+00 -3.388867080211639404e-01 2.373365783691406250e+01
2.220923423767089844e+00 -7.061141729354858398e-01 2.150312042236328125e+01
2.356305599212646484e+00 -6.109416484832763672e-01 2.295211601257324219e+01
2.199660062789916992e+00 -3.464931845664978027e-01 2.165010833740234375e+01
2.007619619369506836e+00 -3.657299578189849854e-01 1.971046638488769531e+01
2.282221555709838867e+00 -8.159761428833007812e-01 2.200624084472656250e+01
2.079020977020263672e+00 5.541011691093444824e-02 2.084562110900878906e+01
1.911797285079956055e+00 3.932851552963256836e-02 1.915730094909667969e+01
1.997171163558959961e+00 -1.779912114143371582e-01 1.979372024536132812e+01
2.202923774719238281e+00 1.113967001438140869e-01 2.214063453674316406e+01
2.341891765594482422e+00 -3.628134429454803467e-01 2.305610466003417969e+01
2.127374887466430664e+00 6.069910526275634766e-02 2.133444786071777344e+01
2.132483959197998047e+00 4.564689695835113525e-01 2.178130912780761719e+01
1.876657128334045410e+00 1.254229843616485596e-01 1.889199447631835938e+01
2.074748039245605469e+00 -6.123613119125366211e-01 2.013511848449707031e+01
2.247380733489990234e+00 -5.329978466033935547e-02 2.242050933837890625e+01
2.281638622283935547e+00 -6.530890464782714844e-01 2.216329765319824219e+01
2.031704425811767578e+00 -1.252184212207794189e-01 2.019182395935058594e+01
2.243484735488891602e+00 -3.433910310268402100e-01 2.209145545959472656e+01
2.192450046539306641e+00 -8.020312786102294922e-01 2.112246894836425781e+01
2.216705799102783203e+00 6.519189476966857910e-02 2.223224830627441406e+01
2.237768650054931641e+00 -2.663196027278900146e-01 2.211136627197265625e+01
2.171634674072265625e+00 -4.750383496284484863e-01 2.124130821228027344e+01
2.008394956588745117e+00 -7.130424976348876953e-01 1.937090682983398438e+01
2.070722579956054688e+00 -3.274248242378234863e-01 2.037980079650878906e+01
2.285883903503417969e+00 -1.011222124099731445e+00 2.184761619567871094e+01
2.231417655944824219e+00 1.348612606525421143e-01 2.244903755187988281e+01
2.182036161422729492e+00 -3.688815236091613770e-02 2.178347396850585938e+01
2.246540307998657227e+00 1.981643736362457275e-01 2.266356658935546875e+01
2.144593954086303711e+00 1.910297572612762451e-01 2.163697052001953125e+01
2.155228376388549805e+00 -2.622931003570556641e-01 2.128999137878417969e+01
2.261766672134399414e+00 -3.898589611053466797e-01 2.222780799865722656e+01
2.097538709640502930e+00 -9.140441417694091797e-01 2.006134414672851562e+01
2.113352537155151367e+00 -5.494772195816040039e-01 2.058404922485351562e+01
2.189609050750732422e+00 5.877745151519775391e-01 2.248386573791503906e+01
2.356112241744995117e+00 -5.627889037132263184e-01 2.299833488464355469e+01
2.110492229461669922e+00 1.434240639209747314e-01 2.124834823608398438e+01
2.344488382339477539e+00 -3.780620396137237549e-01 2.306682205200195312e+01
2.166493415832519531e+00 -6.592296361923217773e-01 2.100570487976074219e+01
2.186025619506835938e+00 -8.098087906837463379e-01 2.105044746398925781e+01
2.167108774185180664e+00 -8.247886300086975098e-01 2.084629821777343750e+01
2.211619377136230469e+00 -2.492556422948837280e-01 2.186693763732910156e+01
2.131844520568847656e+00 -3.610005974769592285e-01 2.095744514465332031e+01
1.939261555671691895e+00 -8.809823989868164062e-01 1.851163482666015625e+01
2.009163618087768555e+00 2.660849392414093018e-01 2.035772132873535156e+01
1.923720598220825195e+00 -2.994681000709533691e-01 1.893773651123046875e+01
2.063146114349365234e+00 -2.028853446245193481e-01 2.042857742309570312e+01
2.118870496749877930e+00 -6.765533089637756348e-01 2.051215171813964844e+01
1.987175822257995605e+00 -9.510587453842163086e-01 1.892069816589355469e+01
2.120908260345458984e+00 -7.503720521926879883e-01 2.045871162414550781e+01
2.150241374969482422e+00 -2.620546817779541016e-01 2.124036026000976562e+01
2.425827026367187500e+00 -6.563926339149475098e-01 2.360187721252441406e+01
2.044042587280273438e+00 3.045433461666107178e-01 2.074496841430664062e+01
2.112341165542602539e+00 -2.533798813819885254e-01 2.087003135681152344e+01
2.228120565414428711e+00 -5.446512103080749512e-01 2.173655509948730469e+01
2.158030509948730469e+00 -2.967273592948913574e-01 2.128357696533203125e+01
2.216016054153442383e+00 -3.709909617900848389e-01 2.178916931152343750e+01
1.999898314476013184e+00 -1.127263426780700684e+00 1.887171936035156250e+01
2.323306322097778320e+00 -5.289483666419982910e-01 2.270411491394042969e+01
2.125086307525634766e+00 -4.579097032546997070e-01 2.079295158386230469e+01
2.028330802917480469e+00 3.320097923278808594e-02 2.031650924682617188e+01
2.216920375823974609e+00 -3.821501433849334717e-01 2.178705406188964844e+01
2.295262098312377930e+00 -6.275433301925659180e-01 2.232507896423339844e+01
2.280249595642089844e+00 -3.362526595592498779e-01 2.246624374389648438e+01
2.453470230102539062e+00 2.701673805713653564e-01 2.480487060546875000e+01
2.367230176925659180e+00 -2.261464893817901611e-01 2.344615554809570312e+01
1.974760532379150391e+00 -4.080486893653869629e-01 1.933955574035644531e+01
2.222335100173950195e+00 -6.864038109779357910e-01 2.153694725036621094e+01
2.172142028808593750e+00 -9.711447954177856445e-01 2.075027465820312500e+01
2.212489843368530273e+00 -1.103454947471618652e+00 2.102144432067871094e+01
2.245113372802734375e+00 3.532277643680572510e-01 2.280436134338378906e+01
2.172934770584106445e+00 -1.814475357532501221e-01 2.154789924621582031e+01
1.910840988159179688e+00 -6.273828744888305664e-01 1.848102760314941406e+01
2.362344980239868164e+00 -9.274228811264038086e-01 2.269602584838867188e+01
2.196048259735107422e+00 -5.274334549903869629e-01 2.143305015563964844e+01
2.177811145782470703e+00 2.690477669239044189e-01 2.204715919494628906e+01
2.299742221832275391e+00 -4.379156231880187988e-01 2.255950546264648438e+01
2.314038276672363281e+00 -6.263451576232910156e-01 2.251403808593750000e+01
2.084254264831542969e+00 -8.016173839569091797e-01 2.004092597961425781e+01
2.180077791213989258e+00 -4.010736346244812012e-01 2.139970397949218750e+01
2.200751066207885742e+00 1.513617932796478271e-01 2.215887260437011719e+01
2.160010814666748047e+00 1.048684120178222656e-01 2.170497703552246094e+01
2.196101903915405273e+00 -1.233501434326171875e+00 2.072751808166503906e+01
2.253183364868164062e+00 -7.217312455177307129e-01 2.181010246276855469e+01
2.091970682144165039e+00 -6.726287603378295898e-01 2.024707794189453125e+01
1.992092132568359375e+00 -8.703880906105041504e-01 1.905053329467773438e+01
2.227312564849853516e+00 1.494550406932830811e-01 2.242257881164550781e+01
2.174606561660766602e+00 -2.244610339403152466e-01 2.152160453796386719e+01
2.270866870880126953e+00 -9.901137351989746094e-01 2.171855354309082031e+01
2.011250257492065430e+00 1.104050278663635254e-01 2.022290802001953125e+01
2.073482990264892578e+00 5.605638027191162109e-01 2.129539299011230469e+01
2.387462139129638672e+00 -8.780314922332763672e-01 2.299659156799316406e+01
2.334465980529785156e+00 1.081399619579315186e-01 2.345279884338378906e+01
2.156104326248168945e+00 -7.058296203613281250e-01 2.085521316528320312e+01
2.011463165283203125e+00 9.192249178886413574e-02 2.020655441284179688e+01
2.165116310119628906e+00 4.381916224956512451e-01 2.208935546875000000e+01
2.186856269836425781e+00 7.214677333831787109e-02 2.194071006774902344e+01
2.253504753112792969e+00 -9.360123872756958008e-01 2.159903526306152344e+01
2.334238529205322266e+00 -4.248922765254974365e-01 2.291749191284179688e+01
2.178153038024902344e+00 7.862910628318786621e-02 2.186015892028808594e+01
2.234249114990234375e+00 -6.320366859436035156e-01 2.171045494079589844e+01
2.191536664962768555e+00 -2.939319610595703125e-01 2.162143516540527344e+01
2.422959089279174805e+00 -2.776860296726226807e-01 2.395190620422363281e+01
1.977016925811767578e+00 4.972761869430541992e-02 1.981989669799804688e+01
2.315960168838500977e+00 -1.213663935661315918e+00 2.194593811035156250e+01
2.091513156890869141e+00 -5.218789577484130859e-01 2.039325141906738281e+01
2.061388015747070312e+00 1.152682304382324219e-01 2.072914886474609375e+01
2.359363555908203125e+00 -4.954601526260375977e-01 2.309817504882812500e+01
2.096595525741577148e+00 -5.042349100112915039e-01 2.046172142028808594e+01
2.275864839553833008e+00 -5.927332043647766113e-01 2.216591453552246094e+01
1.976283073425292969e+00 -5.588954687118530273e-01 1.920393562316894531e+01
2.082211256027221680e+00 6.820857524871826172e-03 2.082893371582031250e+01
2.286346912384033203e+00 -1.474527478218078613e+00 2.138894081115722656e+01
1.958137154579162598e+00 -5.040781497955322266e-01 1.907729339599609375e+01
2.168039798736572266e+00 5.248093605041503906e-02 2.173287773132324219e+01
2.212434768676757812e+00 -1.381754875183105469e-03 2.212296676635742188e+01
2.186439275741577148e+00 9.503418207168579102e-02 2.195942687988281250e+01
2.258869886398315430e+00 -2.814373373985290527e-01 2.230726242065429688e+01
2.152568817138671875e+00 8.843809366226196289e-03 2.153453254699707031e+01
2.165118455886840820e+00 -4.581668376922607422e-01 2.119301795959472656e+01
2.280349969863891602e+00 -1.728970408439636230e-01 2.263060188293457031e+01
2.211612462997436523e+00 -6.521760225296020508e-01 2.146394920349121094e+01
2.021695613861083984e+00 -8.126083612442016602e-01 1.940434837341308594e+01
2.177121162414550781e+00 5.136865377426147461e-02 2.182258033752441406e+01
2.045735597610473633e+00 -5.781414508819580078e-01 1.987921333312988281e+01
2.186843633651733398e+00 5.656507015228271484e-01 2.243408775329589844e+01
2.332755804061889648e+00 -3.915998339653015137e-02 2.328839874267578125e+01
2.230993032455444336e+00 -2.592051327228546143e-01 2.205072593688964844e+01
2.122524499893188477e+00 -3.526819944381713867e-01 2.087256240844726562e+01
2.179611682891845703e+00 -5.567415356636047363e-01 2.123937416076660156e+01
2.041967630386352539e+00 -7.118086814880371094e-01 1.970786666870117188e+01
2.120643615722656250e+00 -1.093668222427368164e+00 2.011276817321777344e+01
2.175344467163085938e+00 6.366121768951416016e-01 2.239005661010742188e+01
1.889943122863769531e+00 -3.659431934356689453e-01 1.853348731994628906e+01
2.040040969848632812e+00 -6.927816867828369141e-01 1.970762825012207031e+01
2.204934597015380859e+00 -3.033517003059387207e-01 2.174599456787109375e+01
2.198722600936889648e+00 -6.158874034881591797e-01 2.137133979797363281e+01
1.982333302497863770e+00 -6.527683734893798828e-01 1.917056465148925781e+01
2.222374677658081055e+00 7.180584669113159180e-01 2.294180488586425781e+01
2.289396047592163086e+00 -4.408660233020782471e-01 2.245309448242187500e+01
2.173340559005737305e+00 -1.646657139062881470e-01 2.156874084472656250e+01
2.025760173797607422e+00 -2.358005046844482422e-01 2.002180290222167969e+01
2.183486938476562500e+00 -7.255661487579345703e-01 2.110930252075195312e+01
2.234624624252319336e+00 -5.652022957801818848e-01 2.178104400634765625e+01
2.296264648437500000e+00 -3.343393206596374512e-01 2.262830734252929688e+01
2.047742605209350586e+00 3.590580821037292480e-02 2.051333236694335938e+01
2.265756368637084961e+00 -4.836063683032989502e-01 2.217395782470703125e+01
2.100014686584472656e+00 -7.783761024475097656e-01 2.022177124023437500e+01
2.152671813964843750e+00 -6.505002379417419434e-01 2.087621879577636719e+01
2.158542633056640625e+00 2.822121679782867432e-01 2.186763763427734375e+01
2.050585508346557617e+00 3.989443182945251465e-02 2.054574966430664062e+01
2.189409017562866211e+00 -1.657932549715042114e-01 2.172829818725585938e+01
2.209228038787841797e+00 -2.522659301757812500e-02 2.206705474853515625e+01
2.180404186248779297e+00 1.698307693004608154e-01 2.197387313842773438e+01
2.170290470123291016e+00 -4.198980331420898438e-02 2.166091346740722656e+01
2.105705261230468750e+00 4.722659289836883545e-01 2.152931785583496094e+01
2.285579204559326172e+00 3.274463713169097900e-01 2.318323898315429688e+01
2.405875444412231445e+00 4.426727592945098877e-01 2.450142669677734375e+01
2.219738245010375977e+00 -2.370635569095611572e-01 2.196031761169433594e+01
2.130678653717041016e+00 -3.009580969810485840e-01 2.100582695007324219e+01
2.127321243286132812e+00 -4.385190010070800781e-01 2.083469390869140625e+01
2.286795377731323242e+00 -3.445698022842407227e-01 2.252338409423828125e+01
2.173075914382934570e+00 -8.250368833541870117e-01 2.090572166442871094e+01
2.156210184097290039e+00 -2.710145711898803711e-01 2.129108619689941406e+01
2.227315902709960938e+00 -3.650074601173400879e-01 2.190815162658691406e+01
2.247763633728027344e+00 -7.120800018310546875e-01 2.176555633544921875e+01
2.156754493713378906e+00 -1.935479342937469482e-01 2.137399673461914062e+01
2.206490755081176758e+00 2.073484361171722412e-01 2.227225494384765625e+01
2.049725532531738281e+00 -8.291960358619689941e-01 1.966805839538574219e+01
2.159753561019897461e+00 -5.270456671714782715e-01 2.107048988342285156e+01
2.170513153076171875e+00 -6.849613189697265625e-01 2.102017021179199219e+01
2.051347970962524414e+00 -7.622541189193725586e-01 1.975122451782226562e+01
1.905211210250854492e+00 -9.962283372879028320e-01 1.805588340759277344e+01
2.184490203857421875e+00 -5.906519889831542969e-01 2.125424957275390625e+01
2.031177997589111328e+00 -6.333822011947631836e-02 2.024844169616699219e+01
2.065106630325317383e+00 -9.792106151580810547e-01 1.967185592651367188e+01
2.175729274749755859e+00 2.582727968692779541e-01 2.201556587219238281e+01
2.160205841064453125e+00 -5.752621889114379883e-01 2.102679634094238281e+01
2.258400440216064453e+00 2.217718958854675293e-02 2.260618019104003906e+01
2.167895317077636719e+00 -1.179868280887603760e-01 2.156096649169921875e+01
2.200302124023437500e+00 -3.826624155044555664e-01 2.162035942077636719e+01
2.296232461929321289e+00 -4.664136767387390137e-01 2.249591064453125000e+01
2.391902208328247070e+00 -1.080984354019165039e+00 2.283803749084472656e+01
2.025280952453613281e+00 -1.299707531929016113e+00 1.895310211181640625e+01
2.142900466918945312e+00 -1.051790833473205566e+00 2.037721443176269531e+01
2.129683494567871094e+00 -2.820721864700317383e-01 2.101476287841796875e+01
2.252451896667480469e+00 -5.627380013465881348e-01 2.196178054809570312e+01
2.088809490203857422e+00 -6.868196129798889160e-01 2.020127677917480469e+01
2.228801727294921875e+00 -2.664422988891601562e-02 2.226137351989746094e+01
2.224064350128173828e+00 -3.524875938892364502e-01 2.188815498352050781e+01
2.400352001190185547e+00 -3.659987151622772217e-01 2.363752174377441406e+01
2.111700534820556641e+00 -1.460537463426589966e-01 2.097095108032226562e+01
2.095129489898681641e+00 -8.757624030113220215e-02 2.086371803283691406e+01
2.259218692779541016e+00 2.543277442455291748e-01 2.284651374816894531e+01
2.254247426986694336e+00 -3.339221775531768799e-01 2.220855331420898438e+01
2.180330038070678711e+00 -3.518753051757812500e-01 2.145142555236816406e+01
2.155443906784057617e+00 -1.288797616958618164e+00 2.026564216613769531e+01
2.066420316696166992e+00 -6.793448925018310547e-01 1.998485946655273438e+01
2.183564662933349609e+00 -6.965300440788269043e-01 2.113911819458007812e+01
2.158100366592407227e+00 2.149049341678619385e-01 2.179590797424316406e+01
2.150044679641723633e+00 1.033192873001098633e-01 2.160376548767089844e+01
2.098295450210571289e+00 -2.436725646257400513e-01 2.073928070068359375e+01
2.192574501037597656e+00 -4.902080893516540527e-01 2.143553733825683594e+01
2.076404809951782227e+00 -6.998072266578674316e-01 2.006423950195312500e+01
2.218297719955444336e+00 -7.303653955459594727e-01 2.145261192321777344e+01
2.179395675659179688e+00 5.792930722236633301e-02 2.185188674926757812e+01
2.178061246871948242e+00 -8.400979638099670410e-02 2.169660377502441406e+01
2.043033123016357422e+00 -4.113115072250366211e-01 2.001902008056640625e+01
2.227862596511840820e+00 -5.311966538429260254e-01 2.174742889404296875e+01
2.043002367019653320e+00 -7.640383243560791016e-01 1.966598510742187500e+01
2.271031618118286133e+00 -6.787031888961791992e-01 2.203161239624023438e+01
2.140678167343139648e+00 -4.393234848976135254e-01 2.096745872497558594e+01
2.229375362396240234e+00 -3.724405467510223389e-01 2.192131423950195312e+01
2.242499351501464844e+00 -1.238023519515991211e+00 2.118696975708007812e+01
2.229185342788696289e+00 -1.940349042415618896e-01 2.209781837463378906e+01
2.150985240936279297e+00 1.477632224559783936e-01 2.165761566162109375e+01
2.193789482116699219e+00 -6.734409928321838379e-01 2.126445388793945312e+01
2.317276239395141602e+00 -2.132033109664916992e-01 2.295955848693847656e+01
2.187213420867919922e+00 -1.825747340917587280e-01 2.168955993652343750e+01
2.125869750976562500e+00 -3.831185996532440186e-01 2.087557983398437500e+01
2.085856437683105469e+00 -1.983847767114639282e-01 2.066017913818359375e+01
2.072732448577880859e+00 -5.448901057243347168e-01 2.018243598937988281e+01
2.061295747756958008e+00 -1.047216653823852539e+00 1.956574058532714844e+01
2.222577333450317383e+00 -1.558770239353179932e-01 2.206989669799804688e+01
2.188593387603759766e+00 -1.261845469474792480e+00 2.062408828735351562e+01
2.175292253494262695e+00 2.314015924930572510e-01 2.198432350158691406e+01
2.123092174530029297e+00 1.108321845531463623e-01 2.134175491333007812e+01
2.227861404418945312e+00 -7.674613595008850098e-02 2.220186805725097656e+01
2.130469083786010742e+00 -9.095720052719116211e-01 2.039511871337890625e+01
2.073581457138061523e+00 3.651458919048309326e-01 2.110096168518066406e+01
2.234861373901367188e+00 -5.341464281082153320e-01 2.181446647644042969e+01
2.270253419876098633e+00 -6.270577907562255859e-01 2.207547569274902344e+01
2.134697675704956055e+00 -1.201047658920288086e+00 2.014592933654785156e+01
2.107304811477661133e+00 -6.868675351142883301e-01 2.038618087768554688e+01
2.294209957122802734e+00 -1.339056044816970825e-01 2.280819511413574219e+01
2.063470840454101562e+00 -1.172327995300292969e-01 2.051747512817382812e+01
2.375591754913330078e+00 -9.977791309356689453e-01 2.275813674926757812e+01
2.149999618530273438e+00 1.147575974464416504e-01 2.161475372314453125e+01
2.109248161315917969e+00 -4.462684094905853271e-01 2.064621353149414062e+01
2.285714864730834961e+00 -2.941446304321289062e-01 2.256300354003906250e+01
2.343696355819702148e+00 4.255709052085876465e-02 2.347952079772949219e+01
2.102758884429931641e+00 5.000431537628173828e-01 2.152763175964355469e+01
2.215413808822631836e+00 -3.474760353565216064e-01 2.180666160583496094e+01
2.268292665481567383e+00 -4.382641315460205078e-01 2.224466133117675781e+01
2.264992952346801758e+00 -9.579375386238098145e-02 2.255413436889648438e+01
2.173887729644775391e+00 -7.993491291999816895e-01 2.093952751159667969e+01
2.108491182327270508e+00 1.333689987659454346e-01 2.121828079223632812e+01
2.182981252670288086e+00 6.597757339477539062e-03 2.183641052246093750e+01
2.292381525039672852e+00 -7.289468646049499512e-01 2.219486808776855469e+01
2.287255525588989258e+00 -7.087693214416503906e-01 2.216378593444824219e+01
2.095886707305908203e+00 4.545512497425079346e-01 2.141341781616210938e+01
2.221548795700073242e+00 -5.027788281440734863e-01 2.171270942687988281e+01
2.065315723419189453e+00 -5.106597542762756348e-01 2.014249610900878906e+01
2.114870786666870117e+00 -1.775229871273040771e-01 2.097118568420410156e+01
2.236319780349731445e+00 1.250624358654022217e-01 2.248826026916503906e+01
2.311115264892578125e+00 -2.222939878702163696e-01 2.288885879516601562e+01
2.326599597930908203e+00 -3.447397947311401367e-01 2.292125511169433594e+01
2.110631227493286133e+00 -2.139223814010620117e-01 2.089238929748535156e+01
2.173294305801391602e+00 -8.713607192039489746e-01 2.086158180236816406e+01
2.092195272445678711e+00 -1.255743205547332764e-01 2.079637908935546875e+01
2.092588901519775391e+00 -9.220817089080810547e-01 2.000380706787109375e+01
1.960037946701049805e+00 -6.663383245468139648e-01 1.893404197692871094e+01
2.440017938613891602e+00 -1.988582313060760498e-01 2.420132064819335938e+01
2.053596735000610352e+00 -4.047139585018157959e-01 2.013125228881835938e+01
2.299074649810791016e+00 -1.603505015373229980e-02 2.297471046447753906e+01
2.223216295242309570e+00 -8.733044266700744629e-01 2.135885810852050781e+01
2.062171697616577148e+00 -3.838439285755157471e-01 2.023787307739257812e+01
2.240799427032470703e+00 5.243748426437377930e-03 2.241323661804199219e+01
1.994689941406250000e+00 -1.372416853904724121e+00 1.857448196411132812e+01
2.317466974258422852e+00 4.093751013278961182e-01 2.358404350280761719e+01
2.208239555358886719e+00 -8.436256647109985352e-02 2.199803352355957031e+01
2.193773269653320312e+00 -7.352268695831298828e-01 2.120250511169433594e+01
2.066320419311523438e+00 -1.786560863256454468e-01 2.048454856872558594e+01
2.402525901794433594e+00 -6.854419708251953125e-01 2.333981704711914062e+01
2.245750188827514648e+00 -4.414421916007995605e-01 2.201605987548828125e+01
2.196269273757934570e+00 2.904268205165863037e-01 2.225311851501464844e+01
2.045264482498168945e+00 -6.739325523376464844e-01 1.977871131896972656e+01
2.141085863113403320e+00 -2.931888699531555176e-01 2.111767005920410156e+01
2.238883256912231445e+00 1.600072085857391357e-01 2.254883956909179688e+01
2.265593767166137695e+00 -1.863254755735397339e-01 2.246961212158203125e+01
2.297162532806396484e+00 2.162052690982818604e-01 2.318783187866210938e+01
2.183780193328857422e+00 -3.804283142089843750e-01 2.145737457275390625e+01
2.201945543289184570e+00 -4.400227069854736328e-01 2.157943153381347656e+01
2.198650836944580078e+00 -3.381494283676147461e-01 2.164835739135742188e+01
2.090566635131835938e+00 -7.150626182556152344e-01 2.019060325622558594e+01
2.108561038970947266e+00 2.946909964084625244e-01 2.138030052185058594e+01
2.208941459655761719e+00 -8.027315139770507812e-03 2.208138656616210938e+01
2.226327180862426758e+00 -2.939758002758026123e-01 2.196929550170898438e+01
2.100180625915527344e+00 -7.087968587875366211e-01 2.029300880432128906e+01
2.241199493408203125e+00 3.628602921962738037e-01 2.277485466003417969e+01
2.025578975677490234e+00 -2.311543077230453491e-01 2.002463722229003906e+01
2.250102519989013672e+00 -2.602857649326324463e-01 2.224073982238769531e+01
2.075099468231201172e+00 -7.976989746093750000e-01 1.995329666137695312e+01
1.948797225952148438e+00 -1.345983505249023438e+00 1.814198875427246094e+01
2.063600778579711914e+00 -6.561313867568969727e-01 1.997987556457519531e+01
2.127738952636718750e+00 -3.737883865833282471e-01 2.090360069274902344e+01
2.322092294692993164e+00 -9.052582979202270508e-01 2.231566429138183594e+01
2.138806581497192383e+00 3.021612763404846191e-02 2.141828155517578125e+01
2.096701622009277344e+00 -8.049466013908386230e-01 2.016206932067871094e+01
2.079748392105102539e+00 4.340229928493499756e-01 2.123150634765625000e+01
2.130554676055908203e+00 2.726770937442779541e-01 2.157822227478027344e+01
2.109985589981079102e+00 -5.235986113548278809e-01 2.057625770568847656e+01
2.186943054199218750e+00 -1.001628935337066650e-01 2.176926803588867188e+01
2.187574625015258789e+00 -7.160230875015258789e-01 2.115972328186035156e+01
2.318291902542114258e+00 -4.901197850704193115e-01 2.269279861450195312e+01
2.299336910247802734e+00 -3.803948163986206055e-01 2.261297607421875000e+01
2.320597171783447266e+00 -2.060055732727050781e-02 2.318536949157714844e+01
2.263973951339721680e+00 -6.189750432968139648e-01 2.202076530456542969e+01
2.098723411560058594e+00 -8.610873222351074219e-01 2.012614631652832031e+01
2.360754489898681641e+00 -4.859347343444824219e-01 2.312160873413085938e+01
2.135761499404907227e+00 -4.939518570899963379e-01 2.086366271972656250e+01
2.192040681838989258e+00 4.478724300861358643e-01 2.236827850341796875e+01
2.292651891708374023e+00 1.969105899333953857e-01 2.312343025207519531e+01
2.045225143432617188e+00 -7.906477451324462891e-01 1.966160392761230469e+01
2.309682130813598633e+00 -5.438317060470581055e-01 2.255298995971679688e+01
2.210421085357666016e+00 -8.314501047134399414e-01 2.127276039123535156e+01
2.276008605957031250e+00 -3.741912245750427246e-01 2.238589477539062500e+01
2.051190137863159180e+00 -1.690683066844940186e-01 2.034283447265625000e+01
2.171863317489624023e+00 -3.380506634712219238e-01 2.138058280944824219e+01
2.133985757827758789e+00 -1.097634434700012207e+00 2.024222183227539062e+01
2.334717750549316406e+00 3.122002780437469482e-01 2.365937805175781250e+01
2.072406768798828125e+00 1.209994256496429443e-01 2.084506797790527344e+01
2.099408149719238281e+00 -3.661801815032958984e-01 2.062790107727050781e+01
2.150196790695190430e+00 -8.044189214706420898e-01 2.069754981994628906e+01
2.295731306076049805e+00 -5.839397907257080078e-01 2.237337303161621094e+01
2.007567405700683594e+00 -2.994614541530609131e-01 1.977621269226074219e+01
2.265205383300781250e+00 -4.137867093086242676e-01 2.223826789855957031e+01
1.963133096694946289e+00 -8.496013879776000977e-01 1.878172874450683594e+01
2.147448301315307617e+00 -1.210524797439575195e+00 2.026395797729492188e+01
2.165617227554321289e+00 -3.133738040924072266e-01 2.134279823303222656e+01
2.132589101791381836e+00 -5.001090168952941895e-01 2.082578277587890625e+01
2.214660644531250000e+00 -2.138648927211761475e-01 2.193274116516113281e+01
2.240322113037109375e+00 5.090732574462890625e-01 2.291229438781738281e+01
2.221989393234252930e+00 -1.476797312498092651e-01 2.207221412658691406e+01
1.977210402488708496e+00 5.143889784812927246e-02 1.982354354858398438e+01
2.315268754959106445e+00 -2.856969833374023438e-01 2.286698913574218750e+01
2.185425519943237305e+00 -2.893075942993164062e-01 2.156494903564453125e+01
2.034108877182006836e+00 -2.873043119907379150e-01 2.005378532409667969e+01
2.281834363937377930e+00 -2.369822263717651367e-01 2.258136177062988281e+01
2.197778224945068359e+00 -6.651107668876647949e-01 2.131267166137695312e+01
2.353828907012939453e+00 -4.883420169353485107e-01 2.304994583129882812e+01
2.123934030532836914e+00 -6.612025499343872070e-01 2.057813644409179688e+01
2.176665782928466797e+00 -4.923326671123504639e-01 2.127432632446289062e+01
2.097130775451660156e+00 -2.851618528366088867e-01 2.068614578247070312e+01
2.168984413146972656e+00 9.867590665817260742e-02 2.178852081298828125e+01
2.179128885269165039e+00 2.740329205989837646e-01 2.206532096862792969e+01
2.050821304321289062e+00 1.025061607360839844e-01 2.061071968078613281e+01
2.033266305923461914e+00 -6.941889524459838867e-01 1.963847351074218750e+01
2.203391790390014648e+00 -8.966213464736938477e-02 2.194425582885742188e+01
2.129248857498168945e+00 4.163235723972320557e-01 2.170881080627441406e+01
2.188426256179809570e+00 -3.869593143463134766e-02 2.184556579589843750e+01
2.147773027420043945e+00 -1.417320966720581055e-02 2.146355628967285156e+01
2.188904285430908203e+00 -1.268037557601928711e-01 2.176223754882812500e+01
2.234500885009765625e+00 -5.914925932884216309e-01 2.175351715087890625e+01
2.284260272979736328e+00 -8.053258657455444336e-01 2.203727531433105469e+01
2.049572229385375977e+00 -4.273998737335205078e-01 2.006832122802734375e+01
2.211609601974487305e+00 -5.612339973449707031e-01 2.155486297607421875e+01
2.234345674514770508e+00 -1.317137479782104492e+00 2.102631950378417969e+01
2.318554401397705078e+00 -3.724136352539062500e-01 2.281312942504882812e+01
2.290669679641723633e+00 -1.690844148397445679e-01 2.273761177062988281e+01
2.183990716934204102e+00 -6.397570371627807617e-01 2.120014953613281250e+01
2.208709478378295898e+00 -2.040005922317504883e-01 2.188309478759765625e+01
2.132844209671020508e+00 -8.987751007080078125e-01 2.042966651916503906e+01
2.258033037185668945e+00 -7.239643335342407227e-01 2.185636520385742188e+01
2.180349588394165039e+00 4.177673161029815674e-01 2.222126197814941406e+01
2.143910646438598633e+00 -6.705573201179504395e-01 2.076854896545410156e+01
2.362117052078247070e+00 -5.855077505111694336e-02 2.356262016296386719e+01
2.228312015533447266e+00 -6.794043779373168945e-01 2.160371398925781250e+01
2.351300239562988281e+00 5.253770947456359863e-02 2.356554031372070312e+01
2.136192560195922852e+00 -5.047748088836669922e-01 2.085715103149414062e+01
2.385133504867553711e+00 -8.785298466682434082e-02 2.376348304748535156e+01
2.166911363601684570e+00 -5.819185972213745117e-01 2.108719444274902344e+01
2.396651506423950195e+00 -3.817349970340728760e-01 2.358477973937988281e+01
2.118352413177490234e+00 -3.533551692962646484e-01 2.083016967773437500e+01
2.276871204376220703e+00 4.457261860370635986e-01 2.321443748474121094e+01
2.227157592773437500e+00 1.828062832355499268e-01 2.245438194274902344e+01
2.034528732299804688e+00 -4.711491465568542480e-01 1.987413787841796875e+01
2.347851276397705078e+00 -1.856260746717453003e-01 2.329288482666015625e+01
2.203125953674316406e+00 -1.183221936225891113e-01 2.191293716430664062e+01
2.259179830551147461e+00 -5.818598270416259766e-01 2.200993919372558594e+01
2.110250473022460938e+00 -1.154705882072448730e-01 2.098703384399414062e+01
2.117552042007446289e+00 -1.975286751985549927e-01 2.097799110412597656e+01
1.950967431068420410e+00 -8.928302526473999023e-01 1.861684417724609375e+01
2.128910541534423828e+00 -2.289404273033142090e-01 2.106016349792480469e+01
2.251980781555175781e+00 -4.578143656253814697e-01 2.206199264526367188e+01
2.123605251312255859e+00 6.122827529907226562e-02 2.129728126525878906e+01
2.185369014739990234e+00 -4.049657583236694336e-01 2.144872474670410156e+01
2.326087474822998047e+00 -1.530852913856506348e-01 2.310778999328613281e+01
2.056118249893188477e+00 -4.301629364490509033e-01 2.013101959228515625e+01
2.226393461227416992e+00 -5.235663056373596191e-02 2.221157836914062500e+01
2.175305128097534180e+00 -3.132355213165283203e-01 2.143981552124023438e+01
2.256092309951782227e+00 -6.544802188873291016e-01 2.190644264221191406e+01
2.016180515289306641e+00 -8.028570413589477539e-01 1.935894775390625000e+01
2.120149612426757812e+00 -9.722812175750732422e-01 2.022921562194824219e+01
2.318876266479492188e+00 2.041159570217132568e-01 2.339287948608398438e+01
1.996235728263854980e+00 -5.310250520706176758e-01 1.943133163452148438e+01
2.154329776763916016e+00 -9.748541116714477539e-01 2.056844329833984375e+01
2.193737030029296875e+00 5.623036623001098633e-02 2.199360084533691406e+01
2.291775465011596680e+00 -8.444339036941528320e-01 2.207332038879394531e+01
2.086946487426757812e+00 -2.787782549858093262e-01 2.059068679809570312e+01
2.207487583160400391e+00 -8.776882886886596680e-01 2.119718742370605469e+01
2.153326511383056641e+00 -8.441240787506103516e-01 2.068914031982421875e+01
2.143683671951293945e+00 -1.328436374664306641e+00 2.010840034484863281e+01
2.131603956222534180e+00 -5.300226211547851562e-01 2.078601837158203125e+01
2.253670930862426758e+00 2.188894450664520264e-01 2.275559806823730469e+01
2.200653314590454102e+00 4.025983512401580811e-01 2.240913009643554688e+01
2.211932659149169922e+00 -3.774203658103942871e-01 2.174190711975097656e+01
2.077749490737915039e+00 -5.072655677795410156e-01 2.027022933959960938e+01
2.214427232742309570e+00 2.909832298755645752e-01 2.243525505065917969e+01
2.062217235565185547e+00 -1.255230903625488281e-01 2.049665069580078125e+01
2.266695737838745117e+00 -1.154895126819610596e-01 2.255146789550781250e+01
2.183144330978393555e+00 7.101494073867797852e-02 2.190245819091796875e+01
2.090996026992797852e+00 -3.107153475284576416e-01 2.059924507141113281e+01
2.276771545410156250e+00 9.405788779258728027e-02 2.286177253723144531e+01
2.058100461959838867e+00 -5.713833570480346680e-01 2.000962257385253906e+01
2.274584531784057617e+00 -1.721224039793014526e-01 2.257372283935546875e+01
2.161101102828979492e+00 -3.426148891448974609e-01 2.126839637756347656e+01
2.238330602645874023e+00 1.115930080413818359e-02 2.239446640014648438e+01
2.118134975433349609e+00 -4.092314243316650391e-01 2.077211952209472656e+01
2.189019680023193359e+00 -3.144025504589080811e-01 2.157579612731933594e+01
2.179691076278686523e+00 -5.658797621726989746e-01 2.123103141784667969e+01
2.091873645782470703e+00 -1.678962707519531250e-01 2.075083923339843750e+01
2.066136360168457031e+00 -2.759516537189483643e-01 2.038541221618652344e+01
2.136032342910766602e+00 -3.217356503009796143e-01 2.103858757019042969e+01
2.168972253799438477e+00 -2.680308818817138672e-01 2.142169189453125000e+01
2.283025264739990234e+00 -4.200210571289062500e-01 2.241023254394531250e+01
2.051159381866455078e+00 -5.092260837554931641e-01 2.000236701965332031e+01
2.312966823577880859e+00 -1.108046650886535645e+00 2.202162170410156250e+01
2.037469863891601562e+00 -2.588993608951568604e-01 2.011579895019531250e+01
2.121962785720825195e+00 -1.074879169464111328e+00 2.014474868774414062e+01
2.350591182708740234e+00 -5.990216732025146484e-01 2.290689086914062500e+01
2.155136346817016602e+00 -5.402681827545166016e-01 2.101109504699707031e+01
2.210761308670043945e+00 -9.788751602172851562e-01 2.112873840332031250e+01
2.107506990432739258e+00 1.782958209514617920e-01 2.125336456298828125e+01
2.262906074523925781e+00 -7.129140496253967285e-01 2.191614723205566406e+01
2.085825920104980469e+00 1.613236963748931885e-01 2.101958274841308594e+01
2.271918535232543945e+00 -4.377121925354003906e-01 2.228147315979003906e+01
2.211630582809448242e+00 1.102992594242095947e-01 2.222660636901855469e+01
2.041006088256835938e+00 -2.106537073850631714e-01 2.019940757751464844e+01
2.256260633468627930e+00 5.385771393775939941e-02 2.261646461486816406e+01
2.203558683395385742e+00 4.374208748340606689e-01 2.247300910949707031e+01
2.017360925674438477e+00 -2.591209411621093750e-01 1.991448783874511719e+01
2.190475702285766602e+00 -6.229426264762878418e-01 2.128181457519531250e+01
2.115268707275390625e+00 -2.981476485729217529e-01 2.085453987121582031e+01
2.034867763519287109e+00 -4.076715707778930664e-01 1.994100761413574219e+01
2.061911106109619141e+00 3.934095799922943115e-01 2.101251983642578125e+01
2.335332393646240234e+00 9.731164574623107910e-02 2.345063591003417969e+01
2.165408134460449219e+00 -1.382007896900177002e-01 2.151588058471679688e+01
2.163137674331665039e+00 -5.128175020217895508e-02 2.158009529113769531e+01
2.071165561676025391e+00 -5.366164445877075195e-01 2.017503738403320312e+01
2.058280706405639648e+00 -8.984577655792236328e-01 1.968434906005859375e+01
2.177772045135498047e+00 3.330747187137603760e-01 2.211079597473144531e+01
2.340410709381103516e+00 2.887896597385406494e-01 2.369289588928222656e+01
2.076940536499023438e+00 -1.611044406890869141e+00 1.915836143493652344e+01
2.295790195465087891e+00 -2.413812577724456787e-01 2.271652030944824219e+01
2.118872165679931641e+00 -7.645211219787597656e-01 2.042420005798339844e+01
2.181256055831909180e+00 -3.522689640522003174e-01 2.146029281616210938e+01
2.261513471603393555e+00 -4.957736730575561523e-01 2.211936187744140625e+01
2.325489997863769531e+00 6.131200790405273438e-01 2.386801910400390625e+01
1.946331381797790527e+00 -6.742739677429199219e-01 1.878903961181640625e+01
2.212703466415405273e+00 -4.340470433235168457e-01 2.169298744201660156e+01
2.184386491775512695e+00 -1.032970547676086426e+00 2.081089401245117188e+01
2.155687570571899414e+00 -1.192832589149475098e-01 2.143759155273437500e+01
2.314639806747436523e+00 -5.953755974769592285e-01 2.255102348327636719e+01
2.144741535186767578e+00 -3.929835259914398193e-01 2.105443000793457031e+01
2.193034410476684570e+00 -8.329165577888488770e-01 2.109742736816406250e+01
2.196046829223632812e+00 -6.466488838195800781e-01 2.131381988525390625e+01
2.128341674804687500e+00 -5.074969530105590820e-01 2.077591896057128906e+01
2.439718246459960938e+00 -3.154292702674865723e-01 2.408175277709960938e+01
2.015101194381713867e+00 -1.460791945457458496e+00 1.869021987915039062e+01
2.225780248641967773e+00 -1.519097238779067993e-01 2.210589408874511719e+01
2.082891464233398438e+00 1.112778186798095703e-01 2.094019317626953125e+01
2.237320899963378906e+00 -5.504349470138549805e-01 2.182277488708496094e+01
2.223337411880493164e+00 -5.069548487663269043e-01 2.172641944885253906e+01
2.029859304428100586e+00 -2.973591089248657227e-01 2.000123405456542969e+01
2.189617156982421875e+00 -4.763908982276916504e-01 2.141978073120117188e+01
2.182596683502197266e+00 -6.101208329200744629e-01 2.121584510803222656e+01
2.053884029388427734e+00 -2.833945453166961670e-01 2.025544738769531250e+01
2.135298967361450195e+00 -2.603209018707275391e-01 2.109266853332519531e+01
2.080278158187866211e+00 -2.570528984069824219e-01 2.054572868347167969e+01
2.068681955337524414e+00 2.484382092952728271e-01 2.093525695800781250e+01
2.102503776550292969e+00 -2.592133879661560059e-01 2.076582527160644531e+01
2.180613756179809570e+00 -1.011288762092590332e-01 2.170500755310058594e+01
2.262242317199707031e+00 -4.265304505825042725e-01 2.219589233398437500e+01
2.218102216720581055e+00 2.087648808956146240e-01 2.238978767395019531e+01
2.209832429885864258e+00 -2.738934159278869629e-01 2.182443046569824219e+01
2.269312858581542969e+00 -9.308274984359741211e-01 2.176230049133300781e+01
1.997581362724304199e+00 -1.317610859870910645e+00 1.865820121765136719e+01
2.091824531555175781e+00 -7.130381464958190918e-01 2.020520782470703125e+01
2.018686294555664062e+00 -5.287499427795410156e-01 1.965811347961425781e+01
2.100001573562622070e+00 -6.767262220382690430e-01 2.032328987121582031e+01
2.174948930740356445e+00 -7.921991348266601562e-01 2.095729064941406250e+01
2.142736196517944336e+00 -5.362713336944580078e-01 2.089109039306640625e+01
2.200301885604858398e+00 -8.600199222564697266e-01 2.114299964904785156e+01
2.236130237579345703e+00 -4.030133187770843506e-01 2.195828819274902344e+01
2.047935247421264648e+00 -6.083175539970397949e-02 2.041852188110351562e+01
2.033760786056518555e+00 -1.580732613801956177e-01 2.017953491210937500e+01
2.224680662155151367e+00 -1.847660988569259644e-01 2.206204032897949219e+01
2.209352493286132812e+00 -6.154646873474121094e-01 2.147805976867675781e+01
2.118009805679321289e+00 -5.611072778701782227e-01 2.061898994445800781e+01
2.135380029678344727e+00 -1.080663681030273438e+00 2.027313613891601562e+01
2.194444179534912109e+00 6.493011116981506348e-02 2.200937271118164062e+01
2.250364065170288086e+00 -2.853487432003021240e-01 2.221829223632812500e+01
2.072675466537475586e+00 -4.578731060028076172e-01 2.026888275146484375e+01
2.123494386672973633e+00 -6.821849942207336426e-02 2.116672515869140625e+01
2.345615386962890625e+00 -8.205249309539794922e-01 2.263562965393066406e+01
2.164554357528686523e+00 -1.071903824806213379e+00 2.057364082336425781e+01
2.164965867996215820e+00 -3.896951675415039062e-03 2.164576148986816406e+01
2.163829326629638672e+00 -2.132401168346405029e-01 2.142505455017089844e+01
2.314388275146484375e+00 -5.504426360130310059e-02 2.308883857727050781e+01
2.100243091583251953e+00 1.727277338504791260e-01 2.117515754699707031e+01
1.967617034912109375e+00 -1.227170825004577637e-01 1.955345344543457031e+01
2.331780672073364258e+00 -3.692526519298553467e-01 2.294855308532714844e+01
2.081367015838623047e+00 -4.432097077369689941e-01 2.037046051025390625e+01
2.327656030654907227e+00 -5.583417415618896484e-01 2.271821784973144531e+01
2.136812686920166016e+00 2.189066708087921143e-01 2.158703231811523438e+01
2.148041486740112305e+00 -2.495765835046768188e-01 2.123083877563476562e+01
2.059632301330566406e+00 5.120470523834228516e-01 2.110836982727050781e+01
2.022624731063842773e+00 -7.247151136398315430e-01 1.950153350830078125e+01
2.162593841552734375e+00 -7.366960644721984863e-01 2.088924217224121094e+01
2.276899337768554688e+00 -1.054155707359313965e+00 2.171483802795410156e+01
2.016266345977783203e+00 -8.864902257919311523e-01 1.927617263793945312e+01
2.197584152221679688e+00 -6.699259281158447266e-01 2.130591583251953125e+01
2.207036018371582031e+00 -1.064224839210510254e+00 2.100613594055175781e+01
2.063719272613525391e+00 -2.022807151079177856e-01 2.043491172790527344e+01
2.204129934310913086e+00 -4.425161480903625488e-01 2.159878349304199219e+01
2.178355455398559570e+00 -6.621748208999633789e-03 2.177693176269531250e+01
2.196912050247192383e+00 -6.424715518951416016e-01 2.132664871215820312e+01
2.246634721755981445e+00 -1.369804263114929199e+00 2.109654235839843750e+01
2.238969564437866211e+00 -6.510912179946899414e-01 2.173860549926757812e+01
2.234494447708129883e+00 -8.947799205780029297e-01 2.145016479492187500e+01
2.154239654541015625e+00 -2.691729962825775146e-01 2.127322387695312500e+01
2.013975143432617188e+00 -8.978675603866577148e-01 1.924188423156738281e+01
2.060305356979370117e+00 -3.905654549598693848e-01 2.021248817443847656e+01
2.349817991256713867e+00 -6.790751814842224121e-01 2.281910514831542969e+01
2.061331748962402344e+00 2.173542976379394531e-03 2.061549186706542969e+01
2.177233457565307617e+00 2.066878378391265869e-01 2.197902297973632812e+01
2.223930120468139648e+00 -2.567971646785736084e-01 2.198250389099121094e+01
2.231267452239990234e+00 3.141734004020690918e-02 2.234409332275390625e+01
2.018360376358032227e+00 -4.918306469917297363e-01 1.969177246093750000e+01
2.177834987640380859e+00 -3.989451527595520020e-01 2.137940597534179688e+01
2.172013044357299805e+00 3.557788431644439697e-01 2.207591056823730469e+01
2.088131189346313477e+00 -1.167090535163879395e-01 2.076460266113281250e+01
2.279165983200073242e+00 -3.560309708118438721e-01 2.243562889099121094e+01
2.104368448257446289e+00 -5.628506541252136230e-01 2.048083305358886719e+01
2.284297943115234375e+00 -6.701326370239257812e-01 2.217284774780273438e+01
2.168617010116577148e+00 -3.357879817485809326e-01 2.135038185119628906e+01
2.049861192703247070e+00 -4.461329877376556396e-01 2.005247879028320312e+01
2.174715042114257812e+00 -5.210305452346801758e-01 2.122611999511718750e+01
2.068978548049926758e+00 -7.933181524276733398e-01 1.989646720886230469e+01
2.303514719009399414e+00 -7.075650691986083984e-01 2.232758140563964844e+01
2.159459114074707031e+00 -5.009427666664123535e-01 2.109364891052246094e+01
1.995414972305297852e+00 -7.404297590255737305e-01 1.921372032165527344e+01
2.137393236160278320e+00 -7.302125692367553711e-01 2.064371871948242188e+01
2.228897094726562500e+00 -5.416699647903442383e-01 2.174730110168457031e+01
2.384778738021850586e+00 5.800423026084899902e-02 2.390579223632812500e+01
2.073539972305297852e+00 -3.549150526523590088e-01 2.038048362731933594e+01
2.267021894454956055e+00 -1.156585216522216797e+00 2.151363372802734375e+01
2.127145051956176758e+00 -9.112231731414794922e-01 2.036022758483886719e+01
2.221012592315673828e+00 -1.547324359416961670e-01 2.205539321899414062e+01
2.103519201278686523e+00 -3.899622559547424316e-01 2.064522933959960938e+01
2.138633728027343750e+00 -6.349782943725585938e-01 2.075135803222656250e+01
2.177414655685424805e+00 -3.955549299716949463e-01 2.137859153747558594e+01
2.248454570770263672e+00 -1.393342018127441406e-01 2.234521293640136719e+01
2.223132133483886719e+00 -2.433856278657913208e-01 2.198793601989746094e+01
2.257822513580322266e+00 -9.017796516418457031e-01 2.167644500732421875e+01
2.306230545043945312e+00 -1.520093381404876709e-01 2.291029548645019531e+01
2.311511039733886719e+00 1.323677599430084229e-01 2.324747848510742188e+01
2.333050012588500977e+00 -6.296993494033813477e-01 2.270079994201660156e+01
2.041329383850097656e+00 -7.255470752716064453e-02 2.034073829650878906e+01
2.120507955551147461e+00 -6.731001138687133789e-01 2.053198051452636719e+01
2.247972965240478516e+00 5.903458595275878906e-02 2.253876304626464844e+01
2.207614421844482422e+00 -6.155043244361877441e-01 2.146063995361328125e+01
2.315981149673461914e+00 -9.607552289962768555e-01 2.219905662536621094e+01
2.155846118927001953e+00 -3.823562264442443848e-01 2.117610359191894531e+01
2.178052663803100586e+00 -2.322194576263427734e-01 2.154830741882324219e+01
2.124644994735717773e+00 -5.714828968048095703e-01 2.067496681213378906e+01
2.200881719589233398e+00 -9.613921642303466797e-01 2.104742622375488281e+01
2.052024602890014648e+00 8.919033408164978027e-02 2.060943603515625000e+01
2.236835002899169922e+00 7.173416614532470703e-01 2.308569335937500000e+01
2.195626735687255859e+00 6.934943795204162598e-02 2.202561759948730469e+01
2.081821203231811523e+00 -4.528802633285522461e-01 2.036533164978027344e+01
2.195388317108154297e+00 -7.283421754837036133e-01 2.122554206848144531e+01
2.233720302581787109e+00 -6.164533495903015137e-01 2.172075080871582031e+01
2.279012680053710938e+00 -1.028562545776367188e+00 2.176156425476074219e+01
2.172041893005371094e+00 -1.735989332199096680e+00 1.998443031311035156e+01
2.131799936294555664e+00 2.432247102260589600e-01 2.156122398376464844e+01
2.084506750106811523e+00 -1.186296641826629639e-01 2.072643852233886719e+01
2.222437143325805664e+00 4.229500889778137207e-02 2.226666641235351562e+01
2.008811473846435547e+00 -5.122451782226562500e-01 1.957587051391601562e+01
2.312654733657836914e+00 -1.505100727081298828e+00 2.162144660949707031e+01
2.290163516998291016e+00 3.082251548767089844e-02 2.293245697021484375e+01
2.140321731567382812e+00 -6.051692962646484375e-01 2.079804801940917969e+01
2.237313508987426758e+00 -6.697410941123962402e-01 2.170339393615722656e+01
2.155594587326049805e+00 -5.184170007705688477e-01 2.103752899169921875e+01
2.178882360458374023e+00 -1.597006320953369141e-01 2.162912368774414062e+01
2.215012073516845703e+00 -1.600554436445236206e-01 2.199006462097167969e+01
2.171021938323974609e+00 -5.775478482246398926e-01 2.113267326354980469e+01
2.111138343811035156e+00 -2.928282022476196289e-01 2.081855583190917969e+01
2.117942571640014648e+00 -1.072452425956726074e+00 2.010697364807128906e+01
2.204603195190429688e+00 -1.441140770912170410e-01 2.190191841125488281e+01
2.024506807327270508e+00 -3.460334837436676025e-01 1.989903450012207031e+01
2.216963291168212891e+00 3.059864044189453125e-03 2.217269134521484375e+01
2.203313589096069336e+00 -1.107113361358642578e-01 2.192242431640625000e+01
2.187564134597778320e+00 -2.603368759155273438e-01 2.161530303955078125e+01
2.282777547836303711e+00 -6.444761753082275391e-01 2.218330001831054688e+01
2.184180259704589844e+00 -1.186015903949737549e-01 2.172320175170898438e+01
2.153599739074707031e+00 -6.817100048065185547e-01 2.085428810119628906e+01
2.373364925384521484e+00 -2.518474459648132324e-01 2.348180198669433594e+01
2.193539857864379883e+00 -3.873801529407501221e-01 2.154801750183105469e+01
2.264680385589599609e+00 -2.824234962463378906e-01 2.236438179016113281e+01
