5.189244747161865234e+00
4.028853416442871094e+00
5.182240009307861328e+00
4.224556922912597656e+00
5.384946823120117188e+00
3.362347841262817383e+00
4.646213531494140625e+00
4.334947586059570312e+00
7.613912105560302734e+00
9.580702781677246094e+00
3.739268302917480469e+00
4.831368446350097656e+00
5.607355594635009766e+00
5.220932006835937500e+00
5.644534587860107422e+00
3.390566349029541016e+00
4.107822418212890625e+00
4.299416065216064453e+00
3.705088376998901367e+00
5.254318237304687500e+00
4.299416065216064453e+00
5.130564689636230469e+00
9.823624610900878906e+00
4.469876766204833984e+00
1.082536792755126953e+01
5.182240009307861328e+00
4.775651931762695312e+00
4.649102687835693359e+00
4.031551361083984375e+00
7.710622310638427734e+00
5.039112091064453125e+00
7.933594703674316406e+00
4.838654041290283203e+00
5.039112091064453125e+00
1.074491500854492188e+01
3.962419271469116211e+00
6.682520866394042969e+00
3.386557102203369141e+00
3.978869199752807617e+00
4.096011161804199219e+00
6.220145702362060547e+00
5.169946193695068359e+00
3.306755065917968750e+00
3.459833145141601562e+00
2.724701881408691406e+00
7.907125949859619141e+00
4.963875770568847656e+00
5.359374523162841797e+00
4.496799468994140625e+00
7.886254310607910156e+00
5.956653594970703125e+00
4.788975238800048828e+00
7.037644863128662109e+00
3.182326078414916992e+00
6.691565513610839844e+00
6.660405158996582031e+00
4.031551361083984375e+00
4.183716297149658203e+00
6.144916057586669922e+00
4.649594783782958984e+00
7.052142620086669922e+00
4.649594783782958984e+00
6.918803691864013672e+00
4.183716297149658203e+00
3.705088376998901367e+00
4.916540622711181641e+00
3.570819616317749023e+00
3.454475164413452148e+00
7.052142620086669922e+00
5.334172725677490234e+00
4.412154674530029297e+00
7.037644863128662109e+00
4.879714488983154297e+00
5.030272006988525391e+00
2.930071830749511719e+00
5.359374523162841797e+00
9.497714996337890625e+00
5.458976745605468750e+00
5.094129085540771484e+00
4.412154674530029297e+00
6.220145702362060547e+00
4.299416065216064453e+00
5.560313701629638672e+00
5.295261859893798828e+00
4.334947586059570312e+00
4.670086383819580078e+00
2.657034873962402344e+00
5.384946823120117188e+00
6.659622669219970703e+00
4.047791957855224609e+00
4.649102687835693359e+00
5.094129085540771484e+00
4.334947586059570312e+00
3.778981685638427734e+00
4.831368446350097656e+00
6.048362255096435547e+00
4.814621925354003906e+00
5.763057231903076172e+00
2.569519281387329102e+00
5.094129085540771484e+00
5.607355594635009766e+00
3.386557102203369141e+00
4.031551361083984375e+00
2.352778673171997070e+00
5.130564689636230469e+00
4.577583312988281250e+00
3.085605382919311523e+00
5.998379230499267578e+00
4.646213531494140625e+00
2.645966053009033203e+00
3.479105234146118164e+00
3.541774749755859375e+00
4.814621925354003906e+00
5.375711917877197266e+00
5.189244747161865234e+00
7.450184822082519531e+00
5.123352050781250000e+00
5.617901802062988281e+00
4.963875770568847656e+00
3.251316547393798828e+00
4.241436004638671875e+00
7.933594703674316406e+00
4.756425380706787109e+00
3.104870080947875977e+00
2.659914970397949219e+00
6.048362255096435547e+00
5.734754562377929688e+00
1.484374713897705078e+01
4.577583312988281250e+00
3.181891441345214844e+00
1.082536792755126953e+01
5.384946823120117188e+00
4.273602485656738281e+00
8.282326698303222656e+00
9.497714996337890625e+00
7.613912105560302734e+00
4.649102687835693359e+00
6.220145702362060547e+00
5.123352050781250000e+00
5.861196994781494141e+00
5.644534587860107422e+00
5.359374523162841797e+00
3.836241245269775391e+00
2.445637464523315430e+00
2.631826162338256836e+00
5.384946823120117188e+00
4.096011161804199219e+00
3.941464185714721680e+00
5.482711791992187500e+00
3.459833145141601562e+00
6.659622669219970703e+00
4.662068843841552734e+00
3.488890171051025391e+00
5.690577030181884766e+00
6.144916057586669922e+00
4.022767543792724609e+00
4.412154674530029297e+00
5.130564689636230469e+00
4.374752521514892578e+00
1.177612972259521484e+01
4.099913120269775391e+00
3.739268302917480469e+00
4.469876766204833984e+00
5.458976745605468750e+00
5.191470623016357422e+00
3.479105234146118164e+00
4.670342445373535156e+00
4.800838947296142578e+00
7.198897361755371094e+00
5.324262142181396484e+00
7.099285125732421875e+00
5.039112091064453125e+00
6.660405158996582031e+00
4.963875770568847656e+00
7.933594703674316406e+00
3.270244359970092773e+00
6.737661361694335938e+00
4.788975238800048828e+00
5.690577030181884766e+00
1.177612972259521484e+01
4.031551361083984375e+00
4.646213531494140625e+00
5.012484550476074219e+00
4.756425380706787109e+00
6.144916057586669922e+00
5.273658752441406250e+00
7.555443763732910156e+00
7.135845184326171875e+00
3.778981685638427734e+00
5.560313701629638672e+00
4.670965194702148438e+00
5.169946193695068359e+00
6.053401947021484375e+00
5.130564689636230469e+00
4.670086383819580078e+00
5.560313701629638672e+00
5.220932006835937500e+00
6.933019161224365234e+00
5.064178943634033203e+00
5.956653594970703125e+00
9.823624610900878906e+00
3.459833145141601562e+00
5.359374523162841797e+00
4.735281944274902344e+00
3.452788829803466797e+00
3.158145189285278320e+00
7.450184822082519531e+00
4.698921680450439453e+00
4.412154674530029297e+00
6.691565513610839844e+00
6.289403915405273438e+00
3.075742244720458984e+00
3.550552368164062500e+00
5.763057231903076172e+00
5.359490394592285156e+00
5.039112091064453125e+00
3.583205699920654297e+00
3.583205699920654297e+00
4.241436004638671875e+00
1.099921131134033203e+01
8.282326698303222656e+00
5.645386219024658203e+00
7.555443763732910156e+00
4.932106971740722656e+00
9.823624610900878906e+00
7.037644863128662109e+00
7.041934490203857422e+00
9.823624610900878906e+00
7.099285125732421875e+00
4.800838947296142578e+00
7.547161102294921875e+00
2.522321939468383789e+00
4.299416065216064453e+00
4.789079666137695312e+00
5.359374523162841797e+00
3.474518537521362305e+00
3.488890171051025391e+00
3.968517065048217773e+00
4.662068843841552734e+00
1.059927749633789062e+01
5.560313701629638672e+00
5.690577030181884766e+00
4.469876766204833984e+00
5.379892349243164062e+00
6.220145702362060547e+00
3.488890171051025391e+00
2.600956439971923828e+00
5.450967788696289062e+00
9.701552391052246094e+00
3.605282545089721680e+00
4.963875770568847656e+00
3.646650075912475586e+00
7.933594703674316406e+00
5.458976745605468750e+00
5.450967788696289062e+00
4.789079666137695312e+00
6.144916057586669922e+00
4.800838947296142578e+00
5.681073665618896484e+00
5.123352050781250000e+00
5.384946823120117188e+00
3.889692306518554688e+00
7.886254310607910156e+00
4.838654041290283203e+00
4.126132488250732422e+00
2.657034873962402344e+00
2.569519281387329102e+00
5.359490394592285156e+00
4.299416065216064453e+00
5.645386219024658203e+00
4.503612041473388672e+00
5.518258094787597656e+00
1.082536792755126953e+01
4.788975238800048828e+00
4.670965194702148438e+00
2.716666698455810547e+00
5.334172725677490234e+00
6.421251296997070312e+00
3.570819616317749023e+00
7.037644863128662109e+00
2.943285703659057617e+00
7.725902080535888672e+00
2.487136840820312500e+00
5.094129085540771484e+00
4.099913120269775391e+00
4.814621925354003906e+00
1.082536792755126953e+01
4.649102687835693359e+00
6.048362255096435547e+00
8.807356834411621094e+00
2.950528383255004883e+00
4.744069099426269531e+00
3.466062068939208984e+00
4.800838947296142578e+00
1.177612972259521484e+01
7.606693267822265625e+00
2.985774040222167969e+00
2.985774040222167969e+00
5.332943439483642578e+00
6.632311820983886719e+00
5.273658752441406250e+00
4.028853416442871094e+00
4.057358741760253906e+00
9.701552391052246094e+00
5.220932006835937500e+00
3.697834491729736328e+00
4.838654041290283203e+00
3.649293422698974609e+00
5.956653594970703125e+00
3.474518537521362305e+00
4.031551361083984375e+00
3.859976053237915039e+00
6.220145702362060547e+00
5.681073665618896484e+00
6.691565513610839844e+00
5.384946823120117188e+00
6.220145702362060547e+00
4.374752521514892578e+00
4.503612041473388672e+00
5.324262142181396484e+00
5.094129085540771484e+00
7.018424987792968750e+00
2.921497583389282227e+00
6.397669315338134766e+00
3.979147911071777344e+00
3.697834491729736328e+00
4.831368446350097656e+00
6.389951229095458984e+00
3.453106880187988281e+00
5.644534587860107422e+00
7.041934490203857422e+00
4.839820384979248047e+00
8.450026512145996094e+00
6.389951229095458984e+00
5.763057231903076172e+00
4.963875770568847656e+00
7.907125949859619141e+00
5.956653594970703125e+00
4.800838947296142578e+00
7.710622310638427734e+00
3.479105234146118164e+00
5.189244747161865234e+00
4.180091857910156250e+00
6.737661361694335938e+00
7.732006549835205078e+00
4.814621925354003906e+00
3.962419271469116211e+00
3.889692306518554688e+00
6.040562152862548828e+00
4.662068843841552734e+00
4.662068843841552734e+00
5.560313701629638672e+00
1.074491500854492188e+01
3.453106880187988281e+00
4.670965194702148438e+00
3.570819616317749023e+00
6.512514591217041016e+00
5.182240009307861328e+00
4.033865928649902344e+00
2.645966053009033203e+00
3.962419271469116211e+00
2.867106199264526367e+00
4.670342445373535156e+00
2.943285703659057617e+00
5.734754562377929688e+00
4.814621925354003906e+00
4.057358741760253906e+00
6.512514591217041016e+00
3.833729743957519531e+00
3.314722299575805664e+00
5.169946193695068359e+00
1.099921131134033203e+01
4.057358741760253906e+00
6.632311820983886719e+00
6.691565513610839844e+00
5.998379230499267578e+00
7.732006549835205078e+00
3.158145189285278320e+00
4.022767543792724609e+00
5.012484550476074219e+00
4.047791957855224609e+00
1.484374713897705078e+01
7.555443763732910156e+00
3.111555099487304688e+00
1.107516670227050781e+01
4.698921680450439453e+00
5.458976745605468750e+00
5.861196994781494141e+00
3.770738840103149414e+00
7.613912105560302734e+00
5.645386219024658203e+00
5.690577030181884766e+00
3.836241245269775391e+00
4.350338935852050781e+00
5.254318237304687500e+00
4.831368446350097656e+00
6.220145702362060547e+00
3.979147911071777344e+00
4.698921680450439453e+00
7.606693267822265625e+00
2.492888927459716797e+00
4.670342445373535156e+00
5.083498001098632812e+00
2.805225133895874023e+00
5.324262142181396484e+00
6.512514591217041016e+00
6.691565513610839844e+00
5.560313701629638672e+00
8.807356834411621094e+00
5.644534587860107422e+00
9.701552391052246094e+00
9.701552391052246094e+00
5.362576961517333984e+00
2.867106199264526367e+00
4.879714488983154297e+00
3.479105234146118164e+00
1.059927749633789062e+01
5.375711917877197266e+00
3.541774749755859375e+00
5.998379230499267578e+00
3.474518537521362305e+00
2.950528383255004883e+00
5.094129085540771484e+00
6.918803691864013672e+00
2.938088178634643555e+00
3.934799432754516602e+00
4.047791957855224609e+00
5.644534587860107422e+00
1.361626625061035156e+01
5.225973606109619141e+00
4.649594783782958984e+00
3.457617282867431641e+00
6.421251296997070312e+00
5.763057231903076172e+00
4.916540622711181641e+00
4.654103755950927734e+00
2.777136564254760742e+00
4.096011161804199219e+00
5.094129085540771484e+00
4.028853416442871094e+00
5.225973606109619141e+00
1.361626625061035156e+01
4.137106418609619141e+00
4.483102321624755859e+00
1.177612972259521484e+01
6.660405158996582031e+00
3.646650075912475586e+00
6.040562152862548828e+00
5.690577030181884766e+00
4.649102687835693359e+00
2.938088178634643555e+00
5.012484550476074219e+00
3.529211997985839844e+00
5.645386219024658203e+00
7.933594703674316406e+00
5.458976745605468750e+00
7.099285125732421875e+00
4.412154674530029297e+00
5.379892349243164062e+00
5.359490394592285156e+00
5.273658752441406250e+00
6.512514591217041016e+00
7.613912105560302734e+00
6.040562152862548828e+00
5.225973606109619141e+00
3.968517065048217773e+00
3.583205699920654297e+00
5.012484550476074219e+00
5.482711791992187500e+00
1.074491500854492188e+01
3.230818986892700195e+00
5.012484550476074219e+00
7.710622310638427734e+00
1.082536792755126953e+01
5.169946193695068359e+00
4.412154674530029297e+00
3.642397403717041016e+00
3.962419271469116211e+00
5.861196994781494141e+00
8.450026512145996094e+00
5.332943439483642578e+00
5.861196994781494141e+00
6.660405158996582031e+00
7.041934490203857422e+00
8.282326698303222656e+00
6.691565513610839844e+00
4.698921680450439453e+00
5.273658752441406250e+00
5.123352050781250000e+00
4.788975238800048828e+00
4.146696090698242188e+00
9.497714996337890625e+00
6.040562152862548828e+00
5.225973606109619141e+00
4.483102321624755859e+00
7.555443763732910156e+00
4.756425380706787109e+00
8.282326698303222656e+00
4.662068843841552734e+00
6.421251296997070312e+00
7.450184822082519531e+00
7.052142620086669922e+00
3.697834491729736328e+00
5.220932006835937500e+00
6.512514591217041016e+00
1.107516670227050781e+01
6.660405158996582031e+00
5.334172725677490234e+00
4.160124301910400391e+00
3.701868772506713867e+00
3.979147911071777344e+00
4.031551361083984375e+00
4.096011161804199219e+00
3.859976053237915039e+00
3.391910552978515625e+00
4.735281944274902344e+00
7.710622310638427734e+00
5.362576961517333984e+00
4.646213531494140625e+00
9.497714996337890625e+00
7.037644863128662109e+00
7.037644863128662109e+00
5.607355594635009766e+00
4.788975238800048828e+00
1.107516670227050781e+01
7.907125949859619141e+00
5.273658752441406250e+00
2.930071830749511719e+00
4.800838947296142578e+00
5.384946823120117188e+00
8.807356834411621094e+00
4.350338935852050781e+00
5.295261859893798828e+00
7.710622310638427734e+00
3.739268302917480469e+00
4.662068843841552734e+00
1.082536792755126953e+01
5.012484550476074219e+00
5.220932006835937500e+00
9.497714996337890625e+00
2.805225133895874023e+00
5.607355594635009766e+00
4.099913120269775391e+00
5.998379230499267578e+00
5.384946823120117188e+00
4.916540622711181641e+00
5.064178943634033203e+00
3.979147911071777344e+00
2.225480794906616211e+00
9.580702781677246094e+00
3.646650075912475586e+00
6.397669315338134766e+00
4.670086383819580078e+00
1.361626625061035156e+01
4.022767543792724609e+00
4.963875770568847656e+00
8.450026512145996094e+00
3.605282545089721680e+00
4.483102321624755859e+00
5.030272006988525391e+00
9.701552391052246094e+00
3.075742244720458984e+00
2.106861114501953125e+00
6.289403915405273438e+00
4.031551361083984375e+00
7.710622310638427734e+00
3.576369524002075195e+00
3.979147911071777344e+00
7.907125949859619141e+00
5.998379230499267578e+00
4.107822418212890625e+00
4.299416065216064453e+00
6.470458030700683594e+00
2.248408794403076172e+00
3.889692306518554688e+00
5.094129085540771484e+00
9.823624610900878906e+00
9.497714996337890625e+00
5.324262142181396484e+00
4.273602485656738281e+00
3.968517065048217773e+00
4.756425380706787109e+00
4.137106418609619141e+00
3.306755065917968750e+00
3.233356952667236328e+00
6.220145702362060547e+00
3.111555099487304688e+00
4.374752521514892578e+00
3.968517065048217773e+00
3.938524007797241211e+00
3.184480190277099609e+00
4.831368446350097656e+00
4.179034233093261719e+00
7.886254310607910156e+00
5.169946193695068359e+00
7.933594703674316406e+00
7.732006549835205078e+00
4.299416065216064453e+00
3.111555099487304688e+00
9.497714996337890625e+00
7.018424987792968750e+00
7.041934490203857422e+00
7.555443763732910156e+00
3.541774749755859375e+00
4.662068843841552734e+00
4.224556922912597656e+00
6.512514591217041016e+00
1.099921131134033203e+01
5.518258094787597656e+00
5.359374523162841797e+00
1.099921131134033203e+01
1.082536792755126953e+01
9.580702781677246094e+00
1.074491500854492188e+01
2.944141626358032227e+00
3.453106880187988281e+00
7.886254310607910156e+00
7.933594703674316406e+00
3.474518537521362305e+00
5.220932006835937500e+00
5.518258094787597656e+00
3.859976053237915039e+00
7.907125949859619141e+00
6.660228729248046875e+00
5.518258094787597656e+00
6.048362255096435547e+00
1.361626625061035156e+01
4.698921680450439453e+00
1.082536792755126953e+01
5.030272006988525391e+00
4.859249114990234375e+00
4.814621925354003906e+00
1.082536792755126953e+01
6.040562152862548828e+00
4.503612041473388672e+00
7.052142620086669922e+00
5.254318237304687500e+00
7.907125949859619141e+00
3.938524007797241211e+00
3.642397403717041016e+00
2.676752567291259766e+00
7.732006549835205078e+00
4.662068843841552734e+00
3.474518537521362305e+00
3.464038848876953125e+00
4.649102687835693359e+00
5.225973606109619141e+00
6.040562152862548828e+00
4.224556922912597656e+00
6.933019161224365234e+00
2.708299636840820312e+00
4.800838947296142578e+00
6.053401947021484375e+00
3.085605382919311523e+00
3.860368967056274414e+00
3.934799432754516602e+00
2.127107858657836914e+00
3.770738840103149414e+00
4.183716297149658203e+00
7.450184822082519531e+00
4.916540622711181641e+00
5.030272006988525391e+00
4.932106971740722656e+00
4.496799468994140625e+00
7.732006549835205078e+00
4.028853416442871094e+00
4.047791957855224609e+00
1.361626625061035156e+01
7.613912105560302734e+00
4.022767543792724609e+00
2.903069019317626953e+00
7.041934490203857422e+00
4.916540622711181641e+00
6.048362255096435547e+00
4.096011161804199219e+00
5.359374523162841797e+00
6.933019161224365234e+00
4.839820384979248047e+00
4.099913120269775391e+00
4.963875770568847656e+00
2.960908651351928711e+00
4.126132488250732422e+00
6.397669315338134766e+00
2.930071830749511719e+00
4.031551361083984375e+00
6.048362255096435547e+00
7.555443763732910156e+00
5.094129085540771484e+00
6.397669315338134766e+00
5.064178943634033203e+00
5.458976745605468750e+00
3.196121215820312500e+00
4.028853416442871094e+00
3.889692306518554688e+00
3.649293422698974609e+00
3.075742244720458984e+00
5.225973606109619141e+00
5.324262142181396484e+00
3.314722299575805664e+00
4.838654041290283203e+00
3.452788829803466797e+00
5.607355594635009766e+00
6.144916057586669922e+00
7.052142620086669922e+00
4.744069099426269531e+00
4.057358741760253906e+00
5.763057231903076172e+00
4.137106418609619141e+00
5.956653594970703125e+00
5.295261859893798828e+00
8.450026512145996094e+00
6.512514591217041016e+00
5.690577030181884766e+00
1.099921131134033203e+01
7.037644863128662109e+00
5.458976745605468750e+00
4.483102321624755859e+00
6.659622669219970703e+00
3.625168800354003906e+00
5.560313701629638672e+00
6.918803691864013672e+00
3.934799432754516602e+00
4.670342445373535156e+00
9.497714996337890625e+00
5.645386219024658203e+00
6.691565513610839844e+00
6.220145702362060547e+00
3.196121215820312500e+00
6.421251296997070312e+00
5.474925518035888672e+00
6.659622669219970703e+00
7.933594703674316406e+00
4.137106418609619141e+00
3.889692306518554688e+00
3.642397403717041016e+00
6.421251296997070312e+00
6.048362255096435547e+00
9.580702781677246094e+00
5.169946193695068359e+00
4.649594783782958984e+00
3.938524007797241211e+00
4.654103755950927734e+00
4.756425380706787109e+00
7.613912105560302734e+00
6.470458030700683594e+00
5.094129085540771484e+00
3.642397403717041016e+00
7.041934490203857422e+00
3.346258640289306641e+00
4.350338935852050781e+00
6.040562152862548828e+00
5.182240009307861328e+00
4.735281944274902344e+00
4.618065834045410156e+00
4.649594783782958984e+00
6.737661361694335938e+00
5.332943439483642578e+00
3.582336187362670898e+00
1.082536792755126953e+01
4.839820384979248047e+00
3.968517065048217773e+00
5.254318237304687500e+00
3.583205699920654297e+00
4.033865928649902344e+00
6.632311820983886719e+00
3.570819616317749023e+00
6.659622669219970703e+00
6.048362255096435547e+00
2.464134693145751953e+00
5.039112091064453125e+00
5.295261859893798828e+00
7.037644863128662109e+00
2.903069019317626953e+00
6.918803691864013672e+00
2.904161930084228516e+00
7.725902080535888672e+00
6.659622669219970703e+00
7.613912105560302734e+00
6.397669315338134766e+00
4.241436004638671875e+00
2.492888927459716797e+00
5.607355594635009766e+00
3.833729743957519531e+00
7.018424987792968750e+00
6.691565513610839844e+00
5.169946193695068359e+00
4.879714488983154297e+00
3.550552368164062500e+00
4.047791957855224609e+00
6.144916057586669922e+00
4.096011161804199219e+00
5.030272006988525391e+00
3.346258640289306641e+00
2.777136564254760742e+00
5.362576961517333984e+00
4.503612041473388672e+00
3.642397403717041016e+00
5.482711791992187500e+00
4.670965194702148438e+00
5.362576961517333984e+00
4.483102321624755859e+00
6.053401947021484375e+00
5.189244747161865234e+00
5.518258094787597656e+00
7.732006549835205078e+00
6.220145702362060547e+00
4.224556922912597656e+00
3.206891298294067383e+00
5.064178943634033203e+00
4.654103755950927734e+00
4.022767543792724609e+00
4.496799468994140625e+00
3.529211997985839844e+00
4.183716297149658203e+00
5.375711917877197266e+00
5.359490394592285156e+00
5.518258094787597656e+00
3.968517065048217773e+00
5.169946193695068359e+00
5.123352050781250000e+00
7.099285125732421875e+00
3.968517065048217773e+00
5.332943439483642578e+00
4.469876766204833984e+00
4.814621925354003906e+00
1.059927749633789062e+01
6.682520866394042969e+00
4.022767543792724609e+00
6.682520866394042969e+00
4.670086383819580078e+00
6.421251296997070312e+00
5.645386219024658203e+00
5.763057231903076172e+00
3.453106880187988281e+00
5.191470623016357422e+00
6.918803691864013672e+00
4.879714488983154297e+00
5.763057231903076172e+00
4.107822418212890625e+00
7.052142620086669922e+00
5.359490394592285156e+00
4.412154674530029297e+00
6.691565513610839844e+00
4.126132488250732422e+00
4.800838947296142578e+00
4.180091857910156250e+00
3.717766046524047852e+00
3.184480190277099609e+00
4.180091857910156250e+00
7.555443763732910156e+00
2.943285703659057617e+00
3.314722299575805664e+00
4.299416065216064453e+00
1.074491500854492188e+01
7.198897361755371094e+00
6.933019161224365234e+00
3.233356952667236328e+00
2.637095689773559570e+00
3.646650075912475586e+00
3.270244359970092773e+00
4.963875770568847656e+00
4.022767543792724609e+00
4.916540622711181641e+00
6.737661361694335938e+00
6.632311820983886719e+00
4.735281944274902344e+00
5.359374523162841797e+00
3.452788829803466797e+00
5.362576961517333984e+00
6.397669315338134766e+00
7.725902080535888672e+00
4.057358741760253906e+00
4.735281944274902344e+00
4.022767543792724609e+00
1.059927749633789062e+01
4.756425380706787109e+00
5.039112091064453125e+00
3.270244359970092773e+00
6.289403915405273438e+00
5.359490394592285156e+00
9.701552391052246094e+00
5.169946193695068359e+00
3.646650075912475586e+00
5.607355594635009766e+00
6.737661361694335938e+00
2.961633443832397461e+00
1.082536792755126953e+01
4.698921680450439453e+00
4.649102687835693359e+00
4.963875770568847656e+00
6.918803691864013672e+00
5.220932006835937500e+00
4.503612041473388672e+00
5.375711917877197266e+00
2.607749462127685547e+00
3.181891441345214844e+00
4.859249114990234375e+00
5.030272006988525391e+00
5.734754562377929688e+00
7.725902080535888672e+00
4.859249114990234375e+00
7.732006549835205078e+00
3.836241245269775391e+00
6.389951229095458984e+00
4.916540622711181641e+00
3.859976053237915039e+00
6.737661361694335938e+00
3.041117668151855469e+00
4.618065834045410156e+00
5.560313701629638672e+00
4.096011161804199219e+00
7.732006549835205078e+00
6.397669315338134766e+00
5.482711791992187500e+00
5.039112091064453125e+00
4.179034233093261719e+00
7.725902080535888672e+00
4.654103755950927734e+00
2.938088178634643555e+00
5.189244747161865234e+00
5.334172725677490234e+00
6.397669315338134766e+00
3.770738840103149414e+00
7.547161102294921875e+00
2.527228116989135742e+00
4.859249114990234375e+00
5.324262142181396484e+00
3.978869199752807617e+00
3.649293422698974609e+00
3.625168800354003906e+00
2.954826116561889648e+00
5.083498001098632812e+00
3.582336187362670898e+00
6.389951229095458984e+00
3.739268302917480469e+00
6.048362255096435547e+00
2.269777297973632812e+00
7.018424987792968750e+00
3.104870080947875977e+00
6.289403915405273438e+00
3.968517065048217773e+00
5.518258094787597656e+00
3.938524007797241211e+00
3.701868772506713867e+00
1.059927749633789062e+01
6.632311820983886719e+00
5.474925518035888672e+00
4.649594783782958984e+00
5.518258094787597656e+00
5.220932006835937500e+00
5.861196994781494141e+00
9.701552391052246094e+00
6.512514591217041016e+00
5.094129085540771484e+00
2.830883264541625977e+00
4.022767543792724609e+00
7.135845184326171875e+00
5.681073665618896484e+00
4.879714488983154297e+00
7.613912105560302734e+00
2.950528383255004883e+00
2.904161930084228516e+00
4.160124301910400391e+00
4.814621925354003906e+00
3.860368967056274414e+00
4.831368446350097656e+00
4.744069099426269531e+00
5.734754562377929688e+00
7.547161102294921875e+00
7.052142620086669922e+00
4.963875770568847656e+00
3.833729743957519531e+00
2.830883264541625977e+00
7.555443763732910156e+00
4.107822418212890625e+00
7.135845184326171875e+00
3.625168800354003906e+00
5.474925518035888672e+00
3.181891441345214844e+00
5.482711791992187500e+00
4.299416065216064453e+00
6.512514591217041016e+00
5.130564689636230469e+00
6.421251296997070312e+00
4.224556922912597656e+00
4.670342445373535156e+00
7.037644863128662109e+00
5.474925518035888672e+00
6.040562152862548828e+00
4.838654041290283203e+00
7.198897361755371094e+00
7.041934490203857422e+00
3.642397403717041016e+00
5.362576961517333984e+00
7.907125949859619141e+00
3.979147911071777344e+00
1.059927749633789062e+01
1.099921131134033203e+01
5.030272006988525391e+00
4.698921680450439453e+00
