3.100816726684570312e+00
1.722005195915699005e-02
2.134331226348876953e+00
7.467502951622009277e-01
7.934202551841735840e-01
4.750143587589263916e-01
1.198572754859924316e+00
1.493241548538208008e+00
5.968538284301757812e+00
5.148749351501464844e-01
2.447976589202880859e+00
1.122491717338562012e+00
4.093498289585113525e-01
9.338799118995666504e-01
1.857695221900939941e+00
6.018862128257751465e-01
4.104393422603607178e-01
7.098203152418136597e-02
3.813370943069458008e+00
2.880698144435882568e-01
8.444001674652099609e-01
1.625074863433837891e+00
1.230462789535522461e+00
1.865654826164245605e+00
1.410156011581420898e+00
7.650011181831359863e-01
1.775531172752380371e+00
7.668417096138000488e-01
1.432151436805725098e+00
3.016941070556640625e+00
8.776171803474426270e-01
1.044050455093383789e+00
1.334656953811645508e+00
6.487186253070831299e-02
1.494523167610168457e+00
2.472275644540786743e-01
2.152434825897216797e+00
1.789333939552307129e+00
3.304113626480102539e+00
1.572699069976806641e+00
1.122274279594421387e+00
4.392060279846191406e+00
1.083598136901855469e+00
1.072605177760124207e-01
5.696189999580383301e-01
7.204617261886596680e-01
7.339910864830017090e-01
1.011503696441650391e+00
4.763745963573455811e-01
1.012185335159301758e+00
1.658092975616455078e+00
2.346400618553161621e-01
1.961872100830078125e+00
1.030973672866821289e+00
1.925655364990234375e+00
1.334136962890625000e+00
3.153765201568603516e+00
1.118923306465148926e+00
9.225006103515625000e-01
7.208426594734191895e-01
3.426172137260437012e-01
3.335042297840118408e-01
6.165454387664794922e-01
1.284375548362731934e+00
9.201772212982177734e-01
8.226982951164245605e-01
7.900661826133728027e-01
3.421697616577148438e+00
2.559623122215270996e-01
9.052998423576354980e-01
1.519776940345764160e+00
1.148919582366943359e+00
2.438044548034667969e+00
1.588550209999084473e+00
5.102773189544677734e+00
8.172001242637634277e-01
7.587860822677612305e-01
5.659346580505371094e-01
1.050893664360046387e+00
5.461654067039489746e-01
1.120697259902954102e+00
2.770289480686187744e-01
1.197551250457763672e+00
4.986838996410369873e-01
1.376441597938537598e+00
2.871219396591186523e+00
8.323728442192077637e-01
7.004465460777282715e-01
1.023677706718444824e+00
1.189342856407165527e+00
1.555621743202209473e+00
3.448012590408325195e+00
3.441780328750610352e+00
1.094237685203552246e+00
6.711602210998535156e-01
1.536384038627147675e-02
4.435240030288696289e-01
3.025612235069274902e-01
1.566551566123962402e+00
4.376823604106903076e-01
2.884714305400848389e-01
5.327464342117309570e-01
3.144333362579345703e+00
2.606489181518554688e+00
4.521442949771881104e-01
8.939267992973327637e-01
7.992071509361267090e-01
8.145367503166198730e-01
3.612057864665985107e-01
2.183258295059204102e+00
1.658421874046325684e+00
1.578274726867675781e+00
1.172059893608093262e+00
1.258568644523620605e+00
1.902070522308349609e+00
1.546160131692886353e-01
2.541171073913574219e+00
6.047249436378479004e-01
1.497396111488342285e+00
7.042317986488342285e-01
6.702153205871582031e+00
1.032532900571823120e-01
9.628875255584716797e-01
7.274443149566650391e+00
2.830664813518524170e-01
9.009570628404617310e-02
1.380685448646545410e+00
5.466121435165405273e-01
3.199600934982299805e+00
4.645300507545471191e-01
9.432961344718933105e-01
5.042319297790527344e-01
1.624984979629516602e+00
2.919263601303100586e+00
5.915526151657104492e-01
1.520842432975769043e+00
7.483184933662414551e-01
1.235613673925399780e-01
2.505166053771972656e+00
3.226700305938720703e+00
5.273266434669494629e-01
2.108823806047439575e-01
1.020446300506591797e+00
4.881737232208251953e-01
1.962329268455505371e+00
2.720864713191986084e-01
1.717725992202758789e+00
2.665625095367431641e+00
4.140557646751403809e-01
2.714292705059051514e-01
3.448830842971801758e-01
1.795949220657348633e+00
3.510189294815063477e+00
4.328708350658416748e-01
3.508496582508087158e-01
7.162361741065979004e-01
1.136242151260375977e+00
2.368777513504028320e+00
8.241004943847656250e-01
9.647372961044311523e-01
2.193398952484130859e+00
2.908549547195434570e+00
3.499768078327178955e-01
4.789515957236289978e-02
6.672263145446777344e-01
1.052565217018127441e+00
2.277224510908126831e-01
3.894809246063232422e+00
2.078032970428466797e+00
1.249760985374450684e+00
8.123839497566223145e-01
1.062149405479431152e+00
8.558434844017028809e-01
1.255884885787963867e+00
1.814421534538269043e+00
4.914603531360626221e-01
2.807981371879577637e-01
5.943562984466552734e-01
1.878288388252258301e+00
1.059201836585998535e+00
8.486388921737670898e-01
1.215773463249206543e+00
3.329237461090087891e+00
2.473682403564453125e+00
7.649171352386474609e-02
1.754073262214660645e+00
5.241336822509765625e-01
9.833787679672241211e-01
1.084009885787963867e+00
3.192536532878875732e-01
2.112985134124755859e+00
2.113513708114624023e+00
1.445495367050170898e+00
3.943719863891601562e+00
1.594155192375183105e+00
6.679248809814453125e-01
2.828699536621570587e-02
3.600748181343078613e-01
1.544236540794372559e-01
3.660613894462585449e-01
3.547055125236511230e-01
4.679320454597473145e-01
2.942077517509460449e-01
3.097307205200195312e+00
2.320364236831665039e+00
2.619307994842529297e+00
1.313974261283874512e+00
1.598927974700927734e+00
3.324696063995361328e+00
5.367540121078491211e-01
7.840012311935424805e-01
3.239397108554840088e-01
1.451488435268402100e-01
1.502602934837341309e+00
9.965803623199462891e-01
1.895246267318725586e+00
1.781284362077713013e-01
9.954001307487487793e-01
1.207138538360595703e+00
7.501941323280334473e-01
6.554092764854431152e-01
1.936620116233825684e+00
6.078897118568420410e-01
1.786661624908447266e+00
2.361362457275390625e+00
5.322093009948730469e+00
2.833522796630859375e+00
1.639254808425903320e+00
1.605596095323562622e-01
2.031602621078491211e+00
2.527242302894592285e-01
1.409806132316589355e+00
3.731633126735687256e-01
7.039734363555908203e+00
3.125454664230346680e+00
6.607933640480041504e-01
3.053159475326538086e+00
1.882005214691162109e+00
6.836711764335632324e-01
5.336836814880371094e+00
3.491943359375000000e+00
3.623202085494995117e+00
1.845178008079528809e+00
3.296424448490142822e-01
3.662104606628417969e+00
1.066556215286254883e+00
6.644589900970458984e-01
1.579728722572326660e+00
1.314758181571960449e+00
1.864848971366882324e+00
3.525874614715576172e+00
2.250745058059692383e+00
1.533156275749206543e+00
5.885905623435974121e-01
1.540992021560668945e+00
3.868645668029785156e+00
9.194257259368896484e-01
1.492861866950988770e+00
4.603846371173858643e-02
1.567057847976684570e+00
3.773553967475891113e-01
1.044393420219421387e+00
1.004974484443664551e+00
6.774115562438964844e-01
7.149012684822082520e-01
7.651945948600769043e-01
2.393673896789550781e+00
2.160418480634689331e-01
1.026175618171691895e+00
1.037128806114196777e+00
6.397520065307617188e+00
1.665351510047912598e+00
6.827479004859924316e-01
1.565052509307861328e+00
2.115764617919921875e+00
2.146351486444473267e-01
5.893968343734741211e-01
1.008213281631469727e+00
1.776763916015625000e+00
6.705017685890197754e-01
4.907681420445442200e-02
7.563855648040771484e-01
4.226747453212738037e-01
3.133979141712188721e-01
2.971148192882537842e-01
7.441808581352233887e-01
4.047547340393066406e+00
1.551329851150512695e+00
2.974514007568359375e+00
2.126583904027938843e-01
4.455493688583374023e-01
1.233705639839172363e+00
7.016908526420593262e-01
3.280520915985107422e+00
4.812190234661102295e-01
1.541688442230224609e+00
2.475086450576782227e+00
1.216406226158142090e+00
1.115159273147583008e+00
5.526253581047058105e-01
2.271229624748229980e-01
6.918785721063613892e-02
3.050696611404418945e+00
6.606036424636840820e-01
5.649317502975463867e-01
9.807614088058471680e-01
1.002318382263183594e+00
3.654700040817260742e+00
3.432673692703247070e+00
2.129449844360351562e-01
2.693237066268920898e+00
1.898264646530151367e+00
1.578948616981506348e+00
2.631494283676147461e+00
9.299446344375610352e-01
5.830408334732055664e-01
1.771515250205993652e+00
5.553733348846435547e+00
1.368889678269624710e-02
1.225408762693405151e-01
1.903321146965026855e+00
1.281852722167968750e+00
4.476509392261505127e-01
2.845812797546386719e+00
8.097311258316040039e-01
3.531376421451568604e-01
4.339389204978942871e-01
1.013961061835289001e-01
2.474503815174102783e-01
1.664767026901245117e+00
7.208542823791503906e-01
7.225515842437744141e-01
5.755195617675781250e-01
1.831380486488342285e+00
8.655658364295959473e-01
2.406446933746337891e+00
2.468332052230834961e+00
6.720250248908996582e-01
6.983830332756042480e-01
2.055384635925292969e+00
1.785131692886352539e-01
1.248434662818908691e+00
1.087733149528503418e+00
9.659010171890258789e-01
1.443217873573303223e+00
7.144317626953125000e-01
1.691190123558044434e+00
4.094597995281219482e-01
2.530040264129638672e+00
3.005991220474243164e+00
1.576520442962646484e+00
3.352468490600585938e+00
4.122042283415794373e-02
1.230767250061035156e+00
1.090002775192260742e+00
2.072992324829101562e-01
8.329616189002990723e-01
2.418065786361694336e+00
7.235140353441238403e-02
2.129351854324340820e+00
2.792563199996948242e+00
2.217104673385620117e+00
8.782197833061218262e-01
3.168853521347045898e-01
6.225735545158386230e-01
7.714402079582214355e-01
6.342377066612243652e-01
1.769800901412963867e+00
5.782256722450256348e-01
3.164168834686279297e+00
3.245922088623046875e+00
7.086181640625000000e-01
5.192901134490966797e+00
2.820994257926940918e-01
9.701703190803527832e-01
1.761718988418579102e+00
6.758226752281188965e-01
2.500840425491333008e+00
1.411228537559509277e+00
1.203800812363624573e-01
2.484510898590087891e+00
5.161878466606140137e-01
1.032492399215698242e+00
5.441433787345886230e-01
3.037991762161254883e+00
1.227092742919921875e+00
2.856484413146972656e+00
1.388913273811340332e+00
1.259149312973022461e-01
6.662192940711975098e-01
9.455341696739196777e-01
1.965916037559509277e+00
1.250787079334259033e-02
7.566877603530883789e-01
1.782884716987609863e+00
9.626048207283020020e-01
8.621411323547363281e-01
2.932674884796142578e+00
1.750683546066284180e+00
4.276125431060791016e-01
3.581355571746826172e+00
2.011472702026367188e+00
1.250061672180891037e-02
1.172219991683959961e+00
1.136221647262573242e+00
3.260510206222534180e+00
1.087296009063720703e+00
1.545194029808044434e+00
1.134016036987304688e+00
1.636400699615478516e+00
3.030354082584381104e-01
2.022297382354736328e+00
1.182620599865913391e-01
1.251196980476379395e+00
1.644424915313720703e+00
6.750326156616210938e-01
3.169378265738487244e-02
2.434826850891113281e+00
4.580458998680114746e-01
7.903547286987304688e-01
1.705619335174560547e+00
7.732784152030944824e-01
6.766920089721679688e-01
1.860852390527725220e-01
1.190522909164428711e+00
6.550779938697814941e-01
8.190742135047912598e-01
2.864405155181884766e+00
1.683593839406967163e-01
7.898429036140441895e-01
1.907483488321304321e-01
2.212122380733489990e-01
6.325646638870239258e-01
8.722597956657409668e-01
8.534424304962158203e-01
2.055292606353759766e+00
3.494153916835784912e-01
2.068454504013061523e+00
1.231903553009033203e+00
1.136720895767211914e+00
6.005328893661499023e-01
2.062540054321289062e-01
2.753181755542755127e-01
2.597821474075317383e+00
2.056932449340820312e+00
1.018744856119155884e-01
1.617533206939697266e+00
3.911890685558319092e-01
1.238979339599609375e+00
1.001106023788452148e+00
6.870814561843872070e-01
1.344113469123840332e+00
1.310832202434539795e-01
1.938858628273010254e+00
1.851951032876968384e-01
2.037811093032360077e-02
2.386815994977951050e-01
9.909830689430236816e-01
7.273055315017700195e-01
3.282846510410308838e-01
1.237526774406433105e+00
2.148720741271972656e+00
1.257314801216125488e+00
2.335655689239501953e+00
3.439978659152984619e-01
8.857824206352233887e-01
6.604191660881042480e-01
8.110407590866088867e-01
7.370866537094116211e-01
1.352151155471801758e+00
4.356817007064819336e-01
2.024142742156982422e-01
2.568360567092895508e+00
2.269386291503906250e+00
1.914356112480163574e+00
2.874053955078125000e+00
2.279741287231445312e+00
5.498923063278198242e-01
2.249725311994552612e-01
1.493776082992553711e+00
1.062145233154296875e+00
1.510270953178405762e+00
2.170609474182128906e+00
1.571879148483276367e+00
2.647110939025878906e+00
1.191330313682556152e+00
1.941845774650573730e+00
2.013123512268066406e+00
3.014719486236572266e+00
6.269835233688354492e-01
8.855504393577575684e-01
1.913819670677185059e+00
9.782084822654724121e-01
4.812028884887695312e+00
9.645221233367919922e-01
1.559705138206481934e-01
1.929080337285995483e-01
2.089944839477539062e+00
1.352899551391601562e+00
4.178806543350219727e-01
2.190611600875854492e+00
2.085036993026733398e+00
1.016190886497497559e+00
2.329438030719757080e-01
5.257472991943359375e+00
5.827631354331970215e-01
2.566972732543945312e+00
5.386550426483154297e-01
6.769771575927734375e-01
3.774567544460296631e-01
5.092707872390747070e-01
1.065360307693481445e+00
6.247662901878356934e-01
1.370553374290466309e-01
7.081019878387451172e-01
4.437443733215332031e+00
4.757446050643920898e-01
8.699324727058410645e-01
6.236884593963623047e-01
2.556560039520263672e-01
1.697724223136901855e+00
4.292217493057250977e-01
2.537042617797851562e+00
2.878322899341583252e-01
5.508924007415771484e+00
8.620139956474304199e-01
1.197038292884826660e+00
9.066239595413208008e-01
1.143501996994018555e+00
9.053624421358108521e-02
6.912832856178283691e-01
5.373334884643554688e+00
3.029684722423553467e-01
1.286786913871765137e+00
1.746096134185791016e+00
1.350228071212768555e+00
9.225551486015319824e-01
4.045101642608642578e+00
9.856446981430053711e-01
1.857486724853515625e+00
7.550516128540039062e-01
2.251101493835449219e+00
2.466235607862472534e-01
1.203611493110656738e+00
5.145157337188720703e+00
1.674904465675354004e+00
1.784976363182067871e+00
3.502945601940155029e-01
1.143084526062011719e+00
3.465369641780853271e-01
1.179713487625122070e+00
1.244022920727729797e-01
1.513831615447998047e+00
2.033354043960571289e+00
2.670999169349670410e-01
6.371346116065979004e-01
3.472816944122314453e+00
1.480274558067321777e+00
7.910774946212768555e-01
1.131216168403625488e+00
1.365455746650695801e+00
1.213281035423278809e+00
1.946106553077697754e+00
9.351844787597656250e-01
1.620471954345703125e+00
5.596423149108886719e-02
1.047752499580383301e+00
2.125689983367919922e+00
1.087422132492065430e+00
1.191172480583190918e+00
1.084770321846008301e+00
2.701752901077270508e+00
2.138949483633041382e-01
2.337548017501831055e+00
1.062928736209869385e-01
3.046020984649658203e+00
1.253803610801696777e+00
7.645826339721679688e-01
1.340708732604980469e+00
2.421978712081909180e-01
8.010069727897644043e-01
4.561217784881591797e+00
2.039715528488159180e+00
6.291836261749267578e+00
1.213576793670654297e+00
6.986399888992309570e-01
1.516744375228881836e+00
1.624500900506973267e-01
3.556870460510253906e+00
6.379070281982421875e-01
2.024635314941406250e+00
5.547966957092285156e-01
5.637107491493225098e-01
1.169774293899536133e+00
1.595287621021270752e-01
1.320198535919189453e+00
1.789567828178405762e+00
7.409300804138183594e-01
1.667513370513916016e+00
5.498285293579101562e-01
3.544800996780395508e+00
2.242506504058837891e+00
1.341711640357971191e+00
1.091939330101013184e+00
1.315721869468688965e+00
5.343294143676757812e-01
2.120462417602539062e+00
6.719937324523925781e-01
2.531682968139648438e+00
1.014311194419860840e+00
1.817189335823059082e+00
1.490876078605651855e+00
3.862150907516479492e-01
3.200697898864746094e-01
9.364764690399169922e-01
5.501307249069213867e-01
4.433600306510925293e-01
1.689976811408996582e+00
1.541400074958801270e+00
2.818650960922241211e+00
4.601143002510070801e-01
1.253333926200866699e+00
1.048038840293884277e+00
1.012439370155334473e+00
2.063255071640014648e+00
5.321699380874633789e-01
1.348118782043457031e+00
2.853274822235107422e+00
3.628550052642822266e+00
2.012672185897827148e+00
1.282217860221862793e+00
3.760223984718322754e-01
1.588522672653198242e+00
1.258770465850830078e+00
5.547409653663635254e-01
6.658452749252319336e-01
9.701781272888183594e-01
4.809641838073730469e-01
5.140017032623291016e+00
3.950816988945007324e-01
8.778681159019470215e-01
5.847275853157043457e-01
2.784875594079494476e-02
8.009043931961059570e-01
3.475747704505920410e-01
7.046005129814147949e-01
8.438757061958312988e-01
1.899216890335083008e+00
5.251239985227584839e-02
6.587209701538085938e-01
1.050622820854187012e+00
2.589267492294311523e-01
3.798011839389801025e-01
2.712357044219970703e+00
2.322758674621582031e+00
9.478437900543212891e-01
1.570551842451095581e-01
1.088513135910034180e+00
5.773048400878906250e-01
2.419740557670593262e-01
7.091695666313171387e-01
2.378311902284622192e-01
6.867139339447021484e-01
1.306040585041046143e-01
2.006103038787841797e+00
2.005531638860702515e-01
5.314688384532928467e-02
2.634375691413879395e-01
2.144229412078857422e+00
1.059944391250610352e+00
9.686250090599060059e-01
3.078669786453247070e+00
1.261106371879577637e+00
3.075091361999511719e+00
1.965481042861938477e+00
6.982650160789489746e-01
1.346102118492126465e+00
7.417237758636474609e-01
2.425415992736816406e+00
2.333086967468261719e+00
2.425135850906372070e+00
1.692389011383056641e+00
1.360462903976440430e+00
1.928426265716552734e+00
3.579817712306976318e-01
2.370012998580932617e+00
7.961083054542541504e-01
1.966454029083251953e+00
4.226587340235710144e-02
5.777713656425476074e-01
2.416384369134902954e-01
9.794491529464721680e-01
1.400598168373107910e+00
1.814378798007965088e-01
2.948424100875854492e+00
1.957760930061340332e+00
1.430781006813049316e+00
5.853828787803649902e-01
6.323464870452880859e+00
1.784567594528198242e+00
1.411293387413024902e+00
1.181331872940063477e+00
2.215013265609741211e+00
3.140930652618408203e+00
9.635899662971496582e-01
9.778065681457519531e-01
6.872744560241699219e-01
6.029207706451416016e-01
4.718734920024871826e-01
4.125210642814636230e-01
1.175820112228393555e+00
1.035978317260742188e+00
6.954007744789123535e-01
3.251810073852539062e+00
4.192168235778808594e+00
1.201877355575561523e+00
9.837368130683898926e-01
1.022231698036193848e+00
2.010870695114135742e+00
1.113143205642700195e+00
1.171237006783485413e-01
6.764413714408874512e-01
1.806828856468200684e+00
8.080995082855224609e-01
1.836745142936706543e+00
2.234259247779846191e-02
1.617821693420410156e+00
6.969674825668334961e-01
7.364531755447387695e-01
2.552711963653564453e+00
1.289194464683532715e+00
1.489075064659118652e+00
6.288871169090270996e-01
6.969407200813293457e-01
8.636469393968582153e-02
3.814571499824523926e-01
3.940873146057128906e+00
2.763553380966186523e+00
4.390718042850494385e-01
1.816440105438232422e+00
2.233525276184082031e+00
1.671124219894409180e+00
1.113236904144287109e+00
1.183377146720886230e+00
1.303912281990051270e+00
3.984071016311645508e-01
1.215073227882385254e+00
1.466528475284576416e-01
1.458162307739257812e+00
3.225230693817138672e+00
7.994508743286132812e-01
1.060889482498168945e+00
6.128564476966857910e-01
3.167451918125152588e-01
3.889334917068481445e+00
1.718869686126708984e+00
2.708073377609252930e+00
1.112309455871582031e+00
3.424444496631622314e-01
3.433322906494140625e-01
2.629853487014770508e-01
4.631296694278717041e-01
3.914913177490234375e+00
4.931324720382690430e-01
9.472883343696594238e-01
9.481157064437866211e-01
2.648694276809692383e+00
2.016565084457397461e+00
1.764742732048034668e-01
3.037505447864532471e-01
1.164791345596313477e+00
2.010787278413772583e-01
7.359061241149902344e-01
1.155876159667968750e+00
3.238718032836914062e+00
3.490202724933624268e-01
2.716696500778198242e+00
1.183006286621093750e+00
1.020511910319328308e-01
1.791000068187713623e-01
1.024441123008728027e+00
1.947898149490356445e+00
7.399100661277770996e-01
1.164558529853820801e+00
6.983211636543273926e-01
8.060124516487121582e-01
6.523885130882263184e-01
3.031209409236907959e-01
3.892725706100463867e-01
3.249239683151245117e+00
6.454106569290161133e-01
8.700583577156066895e-01
6.880540847778320312e+00
1.651909828186035156e+00
2.382206439971923828e+00
2.442242383956909180e+00
1.359003067016601562e+00
2.485535383224487305e+00
8.089565634727478027e-01
1.017014026641845703e+00
1.227958321571350098e+00
1.554246664047241211e+00
9.964008331298828125e-01
3.176622867584228516e+00
1.834638237953186035e+00
1.158043622970581055e+00
1.312670469284057617e+00
5.289277434349060059e-01
1.337153613567352295e-01
8.347019553184509277e-01
1.096569776535034180e+00
3.490296840667724609e+00
4.116573333740234375e+00
2.211713075637817383e+00
1.146777868270874023e+00
6.434630751609802246e-01
2.645536899566650391e+00
7.169684767723083496e-01
3.071208953857421875e+00
2.243166208267211914e+00
1.841726541519165039e+00
7.462694048881530762e-01
2.802970170974731445e+00
6.795998811721801758e-01
7.707779407501220703e-01
1.267952084541320801e+00
5.055510044097900391e+00
1.659129261970520020e+00
1.570689678192138672e+00
6.924096345901489258e-01
2.932003498077392578e+00
6.631295680999755859e-01
2.907554626464843750e+00
2.143681645393371582e-01
1.182561516761779785e+00
7.839143872261047363e-01
2.204864025115966797e+00
4.771395921707153320e-01
2.418098211288452148e+00
4.151863977313041687e-02
8.348138928413391113e-01
2.724679946899414062e+00
7.220764160156250000e-01
1.076473474502563477e+00
8.832939863204956055e-01
1.758856296539306641e+00
6.475871205329895020e-01
5.319108963012695312e-01
8.953556418418884277e-01
2.000322043895721436e-01
1.520709544420242310e-01
8.117588162422180176e-01
3.905590772628784180e-01
7.408366352319717407e-02
9.572511911392211914e-01
3.199608802795410156e+00
4.531677961349487305e-01
1.355272382497787476e-01
1.202359437942504883e+00
1.789578199386596680e+00
1.726809591054916382e-01
4.465385913848876953e+00
1.133320927619934082e+00
3.019936084747314453e+00
2.796338796615600586e+00
8.570678830146789551e-01
4.402987957000732422e+00
2.122814059257507324e-01
6.816745281219482422e+00
3.310919523239135742e+00
8.459669947624206543e-01
1.555941700935363770e+00
2.990500450134277344e+00
9.902940988540649414e-01
1.952084660530090332e+00
1.068638712167739868e-01
1.537784695625305176e+00
2.725685834884643555e+00
3.361898660659790039e+00
4.797492027282714844e-01
1.322956323623657227e+00
2.068809509277343750e+00
5.035292148590087891e+00
1.844968557357788086e+00
3.549076020717620850e-01
1.966240644454956055e+00
1.502271294593811035e+00
1.024973034858703613e+00
5.252063274383544922e-01
4.462395608425140381e-02
4.292580485343933105e-01
2.104886323213577271e-01
1.899985432624816895e+00
1.256220102310180664e+00
5.109851360321044922e-01
4.093698024749755859e+00
1.492755889892578125e+00
4.579269289970397949e-01
2.585674822330474854e-01
3.836719036102294922e+00
1.423801064491271973e+00
1.768660783767700195e+00
7.404441237449645996e-01
5.509799718856811523e-01
3.216690421104431152e-01
1.566269397735595703e+00
1.081678986549377441e+00
2.208719968795776367e+00
6.232875823974609375e+00
2.024164199829101562e-01
1.271996617317199707e+00
4.149348437786102295e-01
2.187591552734375000e+00
1.122244954109191895e+00
3.480151891708374023e+00
1.219830036163330078e+00
9.592369198799133301e-01
1.535312652587890625e+00
1.380568385124206543e+00
1.413535118103027344e+00
2.612507104873657227e+00
3.823411464691162109e-01
2.484494447708129883e+00
4.187813758850097656e+00
6.497631669044494629e-01
2.443171292543411255e-01
5.058407783508300781e-01
8.097772300243377686e-02
1.956805348396301270e+00
1.148732423782348633e+00
3.178536295890808105e-01
1.336683750152587891e+00
2.215913236141204834e-01
2.788458347320556641e+00
1.455875188112258911e-01
1.037505790591239929e-01
1.575215935707092285e+00
7.570395469665527344e-01
2.943505287170410156e+00
4.277507781982421875e+00
8.148350119590759277e-01
2.565578222274780273e+00
4.453827142715454102e-01
1.703682780265808105e+00
3.446081876754760742e-01
1.266074776649475098e+00
1.293047189712524414e+00
6.704485416412353516e-01
1.925418823957443237e-01
1.689297854900360107e-01
1.047959923744201660e+00
4.824989438056945801e-01
2.458592653274536133e+00
1.805668234825134277e+00
6.719086170196533203e-01
3.626114726066589355e-01
1.326202750205993652e+00
1.263743400573730469e+00
1.759510934352874756e-01
1.440713047981262207e+00
8.912322521209716797e-01
2.478658854961395264e-01
5.997249484062194824e-01
7.448682785034179688e-01
6.295035779476165771e-02
5.660834789276123047e+00
2.554195404052734375e+00
2.156241893768310547e+00
2.150982618331909180e+00
1.298914551734924316e-01
3.400914967060089111e-01
4.224368035793304443e-01
6.559917330741882324e-01
1.380416154861450195e-01
6.019142866134643555e-01
1.116875052452087402e+00
5.141441226005554199e-01
5.592280030250549316e-01
2.507807910442352295e-01
3.775436282157897949e-01
6.625347733497619629e-01
2.374911546707153320e+00
4.226583540439605713e-01
3.425326108932495117e+00
4.055604934692382812e+00
2.157548516988754272e-01
3.306674242019653320e+00
3.826228380203247070e+00
4.011459052562713623e-01
7.842951416969299316e-01
3.830682754516601562e+00
1.868657231330871582e+00
1.627714991569519043e+00
9.538830518722534180e-01
1.866158992052078247e-01
1.088809609413146973e+00
2.330151557922363281e+00
1.112807989120483398e+00
1.113634943962097168e+00
3.136375904083251953e+00
