-5.684891357421875000e+02
-7.520186767578125000e+02
-7.905167236328125000e+02
-6.970673217773437500e+02
-7.064289550781250000e+02
-5.159103393554687500e+02
-4.463045654296875000e+02
-5.020982360839843750e+02
-4.733655395507812500e+02
-5.513345336914062500e+02
-4.704957275390625000e+02
-3.749182434082031250e+02
-3.244370727539062500e+02
-3.000644836425781250e+02
-2.834122924804687500e+02
-2.307592163085937500e+02
-2.480216827392578125e+02
-2.340444793701171875e+02
-1.777415161132812500e+02
-1.683670654296875000e+02
-1.654403533935546875e+02
-1.431081085205078125e+02
-1.423448944091796875e+02
-1.117708816528320312e+02
-1.888871459960937500e+02
-1.459379577636718750e+02
-1.790082855224609375e+02
-1.099211502075195312e+02
-1.136039962768554688e+02
-1.550536499023437500e+02
-1.142981872558593750e+02
-7.778345489501953125e+01
-8.035971069335937500e+01
-9.472536468505859375e+01
-6.216917419433593750e+01
-5.922733306884765625e+01
-7.218685913085937500e+01
-6.248731994628906250e+01
-5.457597351074218750e+01
-7.825044250488281250e+01
-6.481558227539062500e+01
-4.731546020507812500e+01
-4.876222610473632812e+01
-5.235867309570312500e+01
-5.594758605957031250e+01
-4.105918121337890625e+01
-4.934261322021484375e+01
-4.027361679077148438e+01
-5.141088867187500000e+01
-5.254289627075195312e+01
-3.824996566772460938e+01
-3.935164642333984375e+01
-4.129722595214843750e+01
-4.256267929077148438e+01
-3.443606567382812500e+01
-3.278439331054687500e+01
-3.442538452148437500e+01
-4.409438323974609375e+01
-3.392242431640625000e+01
-3.232036209106445312e+01
-3.051254463195800781e+01
-3.475861740112304688e+01
-3.114413070678710938e+01
-2.803353118896484375e+01
-2.658945083618164062e+01
-2.702068138122558594e+01
-2.693628120422363281e+01
-3.631626892089843750e+01
-2.335985755920410156e+01
-2.191667938232421875e+01
-2.653534698486328125e+01
-2.472941207885742188e+01
-2.406727790832519531e+01
-2.114971160888671875e+01
-2.484145736694335938e+01
-2.309807395935058594e+01
-2.331694602966308594e+01
-2.389494132995605469e+01
-1.923886871337890625e+01
-2.430859184265136719e+01
-1.925486373901367188e+01
-2.583541107177734375e+01
-2.320371818542480469e+01
-1.897483825683593750e+01
-2.654517555236816406e+01
-1.536912727355957031e+01
-1.861265563964843750e+01
-1.824987030029296875e+01
-1.871300506591796875e+01
-2.506195831298828125e+01
-1.720407485961914062e+01
-2.099202346801757812e+01
-2.236021995544433594e+01
-2.002577400207519531e+01
-1.817486190795898438e+01
-1.973150825500488281e+01
-1.744245529174804688e+01
-1.566225337982177734e+01
-1.454265499114990234e+01
-1.964757537841796875e+01
-2.009863471984863281e+01
-1.654780006408691406e+01
-1.268371200561523438e+01
-1.899479866027832031e+01
-2.114743423461914062e+01
-1.907515335083007812e+01
-1.537413215637207031e+01
-1.377801799774169922e+01
-1.587219238281250000e+01
-1.357855987548828125e+01
-1.408081054687500000e+01
-1.127785682678222656e+01
-1.813723945617675781e+01
-1.124672317504882812e+01
-1.234569072723388672e+01
-9.752557754516601562e+00
-1.341890048980712891e+01
-1.479217052459716797e+01
-9.262016296386718750e+00
-1.483957767486572266e+01
-8.966979026794433594e+00
-1.468948841094970703e+01
-1.507451248168945312e+01
-1.319275283813476562e+01
-1.274135208129882812e+01
-1.140597629547119141e+01
-1.351231765747070312e+01
-1.133040428161621094e+01
-1.559457492828369141e+01
-1.182065963745117188e+01
-1.290094947814941406e+01
-1.320493125915527344e+01
-1.000448322296142578e+01
-9.027927398681640625e+00
-8.835502624511718750e+00
-8.655429840087890625e+00
-1.187537765502929688e+01
-1.119793701171875000e+01
-1.331751346588134766e+01
-8.271925926208496094e+00
-7.975369453430175781e+00
-9.797432899475097656e+00
-1.176310825347900391e+01
-8.640166282653808594e+00
-9.893098831176757812e+00
-9.565573692321777344e+00
-8.682328224182128906e+00
-1.092462921142578125e+01
-9.529685020446777344e+00
-1.044078826904296875e+01
-1.055021572113037109e+01
-1.505607414245605469e+01
-8.643719673156738281e+00
-9.467148780822753906e+00
-1.351738739013671875e+01
-1.186132717132568359e+01
-7.667547702789306641e+00
-1.270546722412109375e+01
-9.611142158508300781e+00
-7.567074775695800781e+00
-1.295778465270996094e+01
-6.450588226318359375e+00
-9.103551864624023438e+00
-7.573423862457275391e+00
-6.971259117126464844e+00
-1.170660686492919922e+01
-1.038801765441894531e+01
-1.006603240966796875e+01
-6.070324897766113281e+00
-8.855171203613281250e+00
-6.676663875579833984e+00
-5.900503158569335938e+00
-8.492108345031738281e+00
-1.089233779907226562e+01
-6.530344009399414062e+00
-1.048767089843750000e+01
-9.649807929992675781e+00
-9.845672607421875000e+00
-1.173234176635742188e+01
-1.116147613525390625e+01
-6.197610378265380859e+00
-9.797248840332031250e+00
-1.004076671600341797e+01
-7.723029613494873047e+00
-7.787653923034667969e+00
-8.720918655395507812e+00
-6.171177864074707031e+00
-1.018259811401367188e+01
-8.345913887023925781e+00
-1.024168682098388672e+01
-7.523359298706054688e+00
-8.644184112548828125e+00
-7.888074874877929688e+00
-5.975590705871582031e+00
-4.879192352294921875e+00
-6.951282501220703125e+00
-1.077653217315673828e+01
-5.712904453277587891e+00
-4.919425487518310547e+00
-7.115930557250976562e+00
-7.761743068695068359e+00
-6.109652042388916016e+00
-8.040676116943359375e+00
-5.747816562652587891e+00
-5.265844821929931641e+00
-4.141201019287109375e+00
-6.939176082611083984e+00
-8.273782730102539062e+00
-9.829629898071289062e+00
-6.364920616149902344e+00
-6.276812553405761719e+00
-5.324694633483886719e+00
-5.893771171569824219e+00
-6.625167846679687500e+00
-4.362101078033447266e+00
-6.297868728637695312e+00
-3.850669622421264648e+00
-7.490150928497314453e+00
-2.135227441787719727e+00
-2.808764696121215820e+00
-4.064318180084228516e+00
-4.551270961761474609e+00
-3.430206298828125000e+00
-3.651654005050659180e+00
-3.493615388870239258e+00
-3.749567985534667969e+00
-3.414029598236083984e+00
-6.159469604492187500e+00
-5.814690113067626953e+00
-3.066500902175903320e+00
-4.925297737121582031e+00
-1.797573447227478027e+00
-2.168007850646972656e+00
-7.429012298583984375e+00
-7.824347019195556641e+00
-3.696651697158813477e+00
-4.260335922241210938e+00
-3.061370849609375000e+00
-3.240610361099243164e+00
-5.364549160003662109e+00
-2.707066059112548828e+00
-1.827597856521606445e+00
-2.064552158117294312e-01
-1.825056552886962891e+00
-1.369535326957702637e+00
-2.861889600753784180e+00
-1.849624156951904297e+00
-1.517216682434082031e+00
2.311151176691055298e-01
-2.345368862152099609e+00
-4.152360439300537109e+00
1.296791434288024902e+00
-2.028862714767456055e+00
-1.893923044204711914e+00
-4.531375467777252197e-01
-2.164453029632568359e+00
6.209656000137329102e-01
-1.593044400215148926e+00
-4.291040897369384766e+00
-2.228546589612960815e-01
-5.678396821022033691e-01
-3.030512094497680664e+00
1.594284415245056152e+00
5.501859188079833984e-01
-3.072527885437011719e+00
3.727556169033050537e-01
-5.575598716735839844e+00
1.899114251136779785e-01
-2.084347248077392578e+00
-1.400544166564941406e+00
-1.088596701622009277e+00
-2.723808586597442627e-01
-2.695947587490081787e-01
-4.766093730926513672e+00
-1.193424105644226074e+00
-2.666454076766967773e+00
-1.000599980354309082e+00
-3.598851919174194336e+00
-9.960672259330749512e-01
4.837485551834106445e-01
-3.251419961452484131e-01
9.428563714027404785e-01
6.917575001716613770e-01
-7.155960202217102051e-01
1.592792391777038574e+00
1.196117520332336426e+00
-8.434073925018310547e-01
9.518792629241943359e-01
-1.837179660797119141e+00
1.129352927207946777e+00
-1.029548607766628265e-02
5.927742719650268555e-01
1.233179807662963867e+00
3.529589891433715820e+00
2.924072504043579102e+00
-5.486583113670349121e-01
-8.554376959800720215e-01
3.180936336517333984e+00
3.493237018585205078e+00
3.421455621719360352e+00
4.994107186794281006e-01
-1.534284830093383789e+00
-7.195773720741271973e-02
6.705535650253295898e-01
2.315108060836791992e+00
-6.432666182518005371e-01
1.171532511711120605e+00
1.759178042411804199e+00
-3.080781102180480957e-01
1.533151149749755859e+00
2.339595556259155273e+00
1.170503377914428711e+00
1.107671380043029785e+00
-6.743362545967102051e-01
1.941113948822021484e+00
1.378675818443298340e+00
1.901213169097900391e+00
1.139323592185974121e+00
-9.543430805206298828e-01
2.537372350692749023e+00
7.601756453514099121e-01
4.134931266307830811e-01
3.327984809875488281e+00
-3.622739017009735107e-01
2.342839002609252930e+00
1.775186777114868164e+00
-1.622000932693481445e+00
2.183565378189086914e+00
2.900974035263061523e+00
1.466980934143066406e+00
3.163049936294555664e+00
7.137062549591064453e-01
-8.139722943305969238e-01
-2.018630266189575195e+00
4.227909147739410400e-01
1.847338676452636719e+00
-8.130009174346923828e-01
6.953233480453491211e-01
-1.445412635803222656e+00
-4.127882003784179688e+00
-1.710320711135864258e+00
1.612168312072753906e+00
7.023454904556274414e-01
2.271425485610961914e+00
3.529065847396850586e+00
8.094845414161682129e-01
2.625669002532958984e+00
5.164725184440612793e-01
-9.871482849121093750e-02
2.435289382934570312e+00
1.231512188911437988e+00
1.087375432252883911e-01
3.799123466014862061e-01
4.229063391685485840e-01
4.849188327789306641e-01
2.172897100448608398e+00
-4.536339938640594482e-01
4.240319728851318359e+00
1.800519824028015137e+00
2.356205224990844727e+00
2.326918840408325195e+00
3.652689218521118164e+00
2.251868963241577148e+00
3.828284263610839844e+00
1.368410468101501465e+00
1.757584214210510254e+00
1.993415951728820801e+00
-5.762275457382202148e-01
1.925199747085571289e+00
2.569725990295410156e+00
1.442619919776916504e+00
1.299910068511962891e+00
3.750595808029174805e+00
1.097500085830688477e+00
3.826690435409545898e+00
3.572332382202148438e+00
1.739206552505493164e+00
1.502839803695678711e+00
1.196974635124206543e+00
-6.586440801620483398e-01
4.624446868896484375e+00
1.292761683464050293e+00
1.159450173377990723e+00
2.797430992126464844e+00
7.738031148910522461e-01
-1.787546515464782715e+00
4.473774135112762451e-02
3.370045661926269531e+00
3.612598180770874023e+00
6.597770452499389648e-01
3.032414436340332031e+00
2.781601190567016602e+00
-1.080028891563415527e+00
3.854041919112205505e-02
2.382910966873168945e+00
4.437347352504730225e-01
3.533161878585815430e+00
6.080734252929687500e+00
2.019255161285400391e+00
1.905917048454284668e+00
3.436504840850830078e+00
2.153443336486816406e+00
2.615427017211914062e+00
-3.996332585811614990e-01
4.191621303558349609e+00
3.269322395324707031e+00
2.836213588714599609e+00
1.394231319427490234e+00
7.133175730705261230e-01
4.355254650115966797e+00
8.320208787918090820e-01
1.957106947898864746e+00
1.826986551284790039e+00
3.244524002075195312e+00
1.313786268234252930e+00
1.541938662528991699e+00
4.692054271697998047e+00
-3.070647120475769043e-01
1.913850903511047363e+00
4.267300128936767578e+00
-9.843283891677856445e-01
9.459888935089111328e-01
1.624490767717361450e-01
3.385790109634399414e+00
4.070486068725585938e+00
3.126115798950195312e+00
1.290872454643249512e+00
2.256225347518920898e+00
3.988277673721313477e+00
1.259124994277954102e+00
2.594233512878417969e+00
3.979366540908813477e+00
1.728783726692199707e+00
1.666306614875793457e+00
1.965729713439941406e+00
-1.734856843948364258e+00
8.909993171691894531e-01
1.701018095016479492e+00
1.501358389854431152e+00
-4.691838324069976807e-01
3.307128667831420898e+00
9.162099361419677734e-01
3.702982902526855469e+00
2.257521390914916992e+00
5.142514109611511230e-01
3.317564964294433594e+00
1.579260110855102539e+00
4.822199821472167969e+00
2.661707878112792969e+00
1.438505411148071289e+00
6.848146915435791016e-01
4.615940570831298828e+00
3.388242721557617188e+00
5.431253433227539062e+00
4.566161155700683594e+00
7.637598514556884766e-01
5.274368450045585632e-02
1.640108346939086914e+00
2.088165521621704102e+00
2.610920667648315430e+00
9.576713442802429199e-01
3.108414411544799805e+00
4.544252872467041016e+00
1.537715792655944824e+00
2.606138944625854492e+00
3.418385028839111328e+00
1.864943027496337891e+00
4.492898464202880859e+00
3.371903181076049805e+00
4.771116256713867188e+00
4.625009536743164062e+00
3.649329900741577148e+00
3.328442096710205078e+00
3.015524387359619141e+00
2.340970039367675781e+00
2.549540758132934570e+00
5.113467574119567871e-01
1.831006765365600586e+00
2.289741277694702148e+00
4.939312458038330078e+00
5.214375019073486328e+00
2.871937751770019531e+00
4.752746582031250000e+00
3.728365182876586914e+00
3.725202322006225586e+00
5.247684955596923828e+00
5.042524337768554688e+00
1.060802698135375977e+00
2.593236446380615234e+00
5.558342456817626953e+00
6.382479190826416016e+00
4.351340770721435547e+00
3.766835927963256836e+00
2.280335426330566406e+00
2.052197694778442383e+00
3.395575046539306641e+00
5.471125245094299316e-01
3.085253953933715820e+00
4.874629497528076172e+00
2.765609025955200195e+00
