-5.699179077148437500e+01
-6.305329513549804688e+01
-5.185076522827148438e+01
-5.685626602172851562e+01
-4.917597961425781250e+01
-4.639262771606445312e+01
-4.549424362182617188e+01
-4.367329406738281250e+01
-4.852012634277343750e+01
-4.843669891357421875e+01
-4.727066421508789062e+01
-4.238966751098632812e+01
-4.819489669799804688e+01
-3.928106307983398438e+01
-4.706186676025390625e+01
-4.386274719238281250e+01
-4.581919479370117188e+01
-4.017100143432617188e+01
-4.355034637451171875e+01
-4.307596206665039062e+01
-4.093427658081054688e+01
-4.509842681884765625e+01
-4.657758331298828125e+01
-4.736307144165039062e+01
-4.763573074340820312e+01
-4.551996231079101562e+01
-4.585844802856445312e+01
-4.473171234130859375e+01
-4.637796401977539062e+01
-4.294277954101562500e+01
-5.013373184204101562e+01
-4.991390991210937500e+01
-3.989393615722656250e+01
-4.290119934082031250e+01
-4.178109359741210938e+01
-4.078972244262695312e+01
-4.166584396362304688e+01
-4.434190368652343750e+01
-4.088843154907226562e+01
-4.856383132934570312e+01
-4.402060699462890625e+01
-4.808316802978515625e+01
-4.429307937622070312e+01
-4.063001632690429688e+01
-3.951575088500976562e+01
-3.848656845092773438e+01
-4.116828918457031250e+01
-4.413311004638671875e+01
-4.148761367797851562e+01
-4.015048980712890625e+01
-3.409363555908203125e+01
-3.245398330688476562e+01
-3.232487106323242188e+01
-3.384652328491210938e+01
-3.277588272094726562e+01
-3.269626617431640625e+01
-3.368978500366210938e+01
-3.392535400390625000e+01
-3.440761566162109375e+01
-3.705545806884765625e+01
-2.907410621643066406e+01
-3.337127304077148438e+01
-3.101555633544921875e+01
-3.494924163818359375e+01
-3.280061721801757812e+01
-3.046001625061035156e+01
-3.018421936035156250e+01
-3.056895828247070312e+01
-3.567354202270507812e+01
-3.108496665954589844e+01
-3.209057235717773438e+01
-3.224300384521484375e+01
-3.039785575866699219e+01
-2.951230239868164062e+01
-2.594525718688964844e+01
-2.790120124816894531e+01
-2.789446449279785156e+01
-2.583474922180175781e+01
-2.343830871582031250e+01
-2.310756301879882812e+01
-2.333451461791992188e+01
-2.280455780029296875e+01
-2.409086990356445312e+01
-2.441647529602050781e+01
-2.344083404541015625e+01
-2.239357948303222656e+01
-2.044599914550781250e+01
-2.159553718566894531e+01
-2.149034500122070312e+01
-2.259355545043945312e+01
-2.079570579528808594e+01
-2.048661804199218750e+01
-2.082033538818359375e+01
-2.020675849914550781e+01
-2.012360000610351562e+01
-1.796459960937500000e+01
-1.886109542846679688e+01
-2.108068847656250000e+01
-1.938793945312500000e+01
-1.956887435913085938e+01
-1.758374786376953125e+01
-2.141948509216308594e+01
-2.038002967834472656e+01
-1.524869346618652344e+01
-1.757926177978515625e+01
-1.666840744018554688e+01
-1.867865562438964844e+01
-1.647442436218261719e+01
-1.872019577026367188e+01
-1.608427238464355469e+01
-1.650370979309082031e+01
-1.601197052001953125e+01
-1.634659957885742188e+01
-1.951704597473144531e+01
-1.675070953369140625e+01
-1.658840560913085938e+01
-1.656535911560058594e+01
-1.539894866943359375e+01
-1.395420742034912109e+01
-1.584401321411132812e+01
-1.632987785339355469e+01
-1.459479236602783203e+01
-1.458495140075683594e+01
-1.431684303283691406e+01
-1.766909980773925781e+01
-1.571025276184082031e+01
-1.423040008544921875e+01
-1.301418590545654297e+01
-1.484934425354003906e+01
-1.459371662139892578e+01
-1.485370826721191406e+01
-1.508984470367431641e+01
-1.568299102783203125e+01
-1.634310722351074219e+01
-1.470973873138427734e+01
-1.496155071258544922e+01
-1.610614967346191406e+01
-1.543609333038330078e+01
-1.236396121978759766e+01
-1.430405807495117188e+01
-1.345808982849121094e+01
-1.229853916168212891e+01
-1.228867721557617188e+01
-1.366154289245605469e+01
-1.437176895141601562e+01
-1.355752849578857422e+01
-1.463590431213378906e+01
-1.410864543914794922e+01
-1.295116233825683594e+01
-1.390251350402832031e+01
-1.362349891662597656e+01
-1.369614028930664062e+01
-1.320582675933837891e+01
-1.283016586303710938e+01
-1.378913497924804688e+01
-1.346985149383544922e+01
-1.224272537231445312e+01
-1.393095207214355469e+01
-1.254540920257568359e+01
-1.409164810180664062e+01
-1.430677127838134766e+01
-1.314744377136230469e+01
-1.418722152709960938e+01
-1.444509792327880859e+01
-1.415120697021484375e+01
-1.361319923400878906e+01
-1.684610176086425781e+01
-1.368739604949951172e+01
-1.308681011199951172e+01
-1.462623786926269531e+01
-1.440849494934082031e+01
-1.586801052093505859e+01
-1.572193241119384766e+01
-1.427017116546630859e+01
-1.496128463745117188e+01
-1.496041488647460938e+01
-1.530753135681152344e+01
-1.424790382385253906e+01
-1.351902580261230469e+01
-1.589522552490234375e+01
-1.620291328430175781e+01
-1.590979099273681641e+01
-1.397630214691162109e+01
-1.551947307586669922e+01
-1.560087680816650391e+01
-1.461880493164062500e+01
-1.454790306091308594e+01
-1.622268486022949219e+01
-1.537316894531250000e+01
-1.549861431121826172e+01
-1.819864654541015625e+01
-1.477152633666992188e+01
-1.590471935272216797e+01
-1.559517002105712891e+01
-1.449586391448974609e+01
-1.400681495666503906e+01
-1.396679115295410156e+01
-1.247865581512451172e+01
-1.349971103668212891e+01
-1.550014972686767578e+01
-1.327187252044677734e+01
-1.385727214813232422e+01
-1.409711074829101562e+01
-1.509424781799316406e+01
-1.490068721771240234e+01
-1.395545005798339844e+01
-1.365383434295654297e+01
-1.441480350494384766e+01
-1.243313694000244141e+01
-1.243398666381835938e+01
-1.368506240844726562e+01
-1.298566627502441406e+01
-1.441887187957763672e+01
-1.265410995483398438e+01
-1.405510520935058594e+01
-1.216599464416503906e+01
-1.319754123687744141e+01
-1.202397537231445312e+01
-1.285763263702392578e+01
-1.247699451446533203e+01
-1.092491054534912109e+01
-1.256507492065429688e+01
-1.249320793151855469e+01
-1.201224136352539062e+01
-1.337636375427246094e+01
-1.190550994873046875e+01
-1.149780178070068359e+01
-1.125566196441650391e+01
-1.051070022583007812e+01
-1.223657226562500000e+01
-1.137869548797607422e+01
-1.140524864196777344e+01
-1.089010238647460938e+01
-1.183177471160888672e+01
-1.106746578216552734e+01
-1.225656127929687500e+01
-1.103910541534423828e+01
-1.087457180023193359e+01
-1.114839553833007812e+01
-1.294024944305419922e+01
-1.107042312622070312e+01
-1.213653564453125000e+01
-1.199638462066650391e+01
-1.141048622131347656e+01
-1.197406005859375000e+01
-1.363863658905029297e+01
-1.154719352722167969e+01
-1.179584217071533203e+01
-1.278367328643798828e+01
-1.234346389770507812e+01
-1.176293373107910156e+01
-1.360334396362304688e+01
-1.328310775756835938e+01
-1.183711433410644531e+01
-1.251499748229980469e+01
-1.122827434539794922e+01
-1.149917316436767578e+01
-1.120490741729736328e+01
-1.312545299530029297e+01
-1.147980308532714844e+01
-1.292954826354980469e+01
-1.227678012847900391e+01
-1.080844593048095703e+01
-1.169392585754394531e+01
-1.074142551422119141e+01
-1.278655624389648438e+01
-1.163566398620605469e+01
-1.052829360961914062e+01
-1.246532821655273438e+01
-1.208588027954101562e+01
-1.179376792907714844e+01
-1.256017208099365234e+01
-1.106960487365722656e+01
-1.110354328155517578e+01
-1.137963867187500000e+01
-1.180397129058837891e+01
-1.148863029479980469e+01
-1.179185104370117188e+01
-1.117760467529296875e+01
-1.045251560211181641e+01
-1.199390125274658203e+01
-1.064340209960937500e+01
-1.172895526885986328e+01
-1.097338390350341797e+01
-1.147202777862548828e+01
-1.250576400756835938e+01
-1.118582153320312500e+01
-1.061316680908203125e+01
-1.139943218231201172e+01
-1.180397415161132812e+01
-1.086626625061035156e+01
-1.113447856903076172e+01
-1.272662067413330078e+01
-1.179143047332763672e+01
-1.129962158203125000e+01
-1.120244407653808594e+01
-1.095554065704345703e+01
-1.126737213134765625e+01
-9.738142013549804688e+00
-1.092573642730712891e+01
-1.060437965393066406e+01
-1.096725463867187500e+01
-1.102334499359130859e+01
-1.064488029479980469e+01
-1.099582672119140625e+01
-1.065152072906494141e+01
-1.032438468933105469e+01
-9.695456504821777344e+00
-1.002124500274658203e+01
-1.170372200012207031e+01
-1.085046386718750000e+01
-1.096780681610107422e+01
-1.053503513336181641e+01
-1.037786006927490234e+01
-1.192706298828125000e+01
-1.125807762145996094e+01
-1.142628383636474609e+01
-1.118235969543457031e+01
-1.201530075073242188e+01
-1.159116172790527344e+01
-1.207372570037841797e+01
-1.068565177917480469e+01
-1.220067596435546875e+01
-1.336316680908203125e+01
-1.175383567810058594e+01
-1.250069332122802734e+01
-1.208296585083007812e+01
-1.199459838867187500e+01
-1.081789875030517578e+01
-1.226005744934082031e+01
-1.178730487823486328e+01
-1.158583450317382812e+01
-1.177334022521972656e+01
-1.228691387176513672e+01
-1.352324008941650391e+01
-1.249947166442871094e+01
-1.311742210388183594e+01
-1.190670776367187500e+01
-1.143634891510009766e+01
-1.210058879852294922e+01
-1.176707839965820312e+01
-1.056968498229980469e+01
-1.134154033660888672e+01
-1.077678585052490234e+01
-1.163971710205078125e+01
-1.144689846038818359e+01
-1.180683994293212891e+01
-1.086781978607177734e+01
-1.110556125640869141e+01
-1.175705432891845703e+01
-1.134504508972167969e+01
-1.075530147552490234e+01
-1.048498058319091797e+01
-1.078904533386230469e+01
-1.129757595062255859e+01
-1.084887790679931641e+01
-9.658819198608398438e+00
-1.027902507781982422e+01
-1.057932853698730469e+01
-1.134476089477539062e+01
-1.141990089416503906e+01
-1.192207050323486328e+01
-1.058276653289794922e+01
-1.089208507537841797e+01
-1.116452407836914062e+01
-1.062612628936767578e+01
-1.118140220642089844e+01
-1.189075851440429688e+01
-1.172337627410888672e+01
-1.128050804138183594e+01
-1.150615596771240234e+01
-1.131108379364013672e+01
-1.217170429229736328e+01
-1.186659526824951172e+01
-1.234327888488769531e+01
-1.351918697357177734e+01
-1.214321804046630859e+01
-1.213722133636474609e+01
-1.320802116394042969e+01
-1.194197845458984375e+01
-1.168500995635986328e+01
-1.234577655792236328e+01
-1.267279529571533203e+01
-1.237293720245361328e+01
-1.253503990173339844e+01
-1.238292694091796875e+01
-1.190382289886474609e+01
-1.149005413055419922e+01
-1.115421676635742188e+01
-1.091917514801025391e+01
-1.201289558410644531e+01
-1.183849334716796875e+01
-1.181307029724121094e+01
-1.262173557281494141e+01
-1.156491947174072266e+01
-1.353955078125000000e+01
-1.232813358306884766e+01
-1.225631809234619141e+01
-1.120231246948242188e+01
-1.130714130401611328e+01
-1.112331581115722656e+01
-1.216807746887207031e+01
-1.266755580902099609e+01
-1.306077671051025391e+01
-1.185751819610595703e+01
-1.164167499542236328e+01
-1.172849845886230469e+01
-1.187282180786132812e+01
-1.176101779937744141e+01
-1.248400115966796875e+01
-1.218968963623046875e+01
-1.190780067443847656e+01
-1.190189456939697266e+01
-1.115501117706298828e+01
-1.162313365936279297e+01
-1.211904811859130859e+01
-1.193559646606445312e+01
-1.125954055786132812e+01
-1.126791286468505859e+01
-1.177610492706298828e+01
-1.244062042236328125e+01
-1.218245220184326172e+01
-1.109662818908691406e+01
-1.059799575805664062e+01
-1.192027568817138672e+01
-1.081406593322753906e+01
-1.043098354339599609e+01
-1.237538719177246094e+01
-1.281334495544433594e+01
-1.056402873992919922e+01
-1.222603988647460938e+01
-1.346129035949707031e+01
-1.196242427825927734e+01
-1.209657859802246094e+01
-1.154996585845947266e+01
-1.061798095703125000e+01
-1.067740249633789062e+01
-1.153907871246337891e+01
-1.155242633819580078e+01
-1.160109615325927734e+01
-1.240343093872070312e+01
-1.164960289001464844e+01
-1.142662143707275391e+01
-1.224860572814941406e+01
-1.230986690521240234e+01
-1.124278545379638672e+01
-1.049720668792724609e+01
-1.137320423126220703e+01
-1.126639080047607422e+01
-1.114186668395996094e+01
-1.133121490478515625e+01
-1.038505363464355469e+01
-1.037516593933105469e+01
-1.079349231719970703e+01
-1.207316493988037109e+01
-1.091401767730712891e+01
-1.147231960296630859e+01
-1.094024276733398438e+01
-1.200800800323486328e+01
-1.049683189392089844e+01
-1.107961559295654297e+01
-1.128360939025878906e+01
-1.012740325927734375e+01
-1.114992141723632812e+01
-1.023073101043701172e+01
-1.027388763427734375e+01
-1.081218147277832031e+01
-1.078646850585937500e+01
-9.454673767089843750e+00
-1.077159786224365234e+01
-9.771737098693847656e+00
-1.087287712097167969e+01
-1.045825958251953125e+01
-9.721170425415039062e+00
-9.700959205627441406e+00
-9.513545989990234375e+00
-1.056046962738037109e+01
-1.017712306976318359e+01
-1.079474449157714844e+01
-1.028421592712402344e+01
-1.016366481781005859e+01
-1.041245937347412109e+01
-9.269508361816406250e+00
-1.042036628723144531e+01
-1.046627235412597656e+01
-1.015370273590087891e+01
-1.024776744842529297e+01
-1.052991962432861328e+01
-1.142184162139892578e+01
-9.678319931030273438e+00
-9.048888206481933594e+00
-1.002285099029541016e+01
-9.511865615844726562e+00
-1.015342617034912109e+01
-1.042546844482421875e+01
-1.046396732330322266e+01
-9.718350410461425781e+00
-1.041627788543701172e+01
-9.584272384643554688e+00
-1.047639369964599609e+01
