-3.923282000000000000e+06
-1.198002539062500000e+04
-5.209871093750000000e+03
-5.010609687500000000e+05
-2.912147200000000000e+07
-3.480221875000000000e+04
-1.171094921875000000e+04
-1.041237421875000000e+05
-8.018139038085937500e+02
-2.644515625000000000e+03
-1.197953613281250000e+03
-1.242110839843750000e+03
-3.082104003906250000e+03
-2.741587402343750000e+03
-1.703354003906250000e+03
-2.545490937500000000e+05
-1.026393359375000000e+04
-8.779259643554687500e+02
-2.115192626953125000e+03
-2.472373046875000000e+03
-2.405261474609375000e+03
-1.688947631835937500e+03
-1.544626617431640625e+02
-5.574992675781250000e+03
-3.196900312500000000e+05
-7.695214843750000000e+04
-1.728279800000000000e+07
-5.224555664062500000e+02
-1.091220703125000000e+04
-1.084755249023437500e+03
-4.736299133300781250e+02
-2.906127014160156250e+02
-2.494467315673828125e+02
-5.728865966796875000e+02
-4.349395312500000000e+05
-7.708504638671875000e+02
-1.412978820800781250e+02
-1.149269531250000000e+03
-9.930587890625000000e+03
-6.752631225585937500e+02
-4.103727343750000000e+04
-2.251288452148437500e+02
-5.688229687500000000e+04
-5.869850000000000000e+04
-4.810260925292968750e+02
-9.405666992187500000e+03
-3.518549316406250000e+03
-1.496082031250000000e+03
-2.539993408203125000e+03
-4.532378845214843750e+02
-1.058310317993164062e+02
-1.395512695312500000e+02
-1.592371459960937500e+03
-3.583320617675781250e+02
-4.671235839843750000e+03
-1.656580810546875000e+02
-6.412846679687500000e+02
-1.770789031982421875e+02
-1.559125976562500000e+03
-1.257748718261718750e+02
-1.468790740966796875e+02
-7.024173583984375000e+02
-2.475224365234375000e+03
-1.437857666015625000e+03
-5.467041992187500000e+03
-1.080659921875000000e+05
-8.603048706054687500e+01
-1.206390502929687500e+03
-2.078036499023437500e+02
-1.855117797851562500e+02
-3.806727600097656250e+02
-9.892916259765625000e+02
-8.308275604248046875e+01
-2.012803192138671875e+02
-1.359850921630859375e+02
-1.834508789062500000e+03
-4.479853210449218750e+02
-9.717791137695312500e+02
-5.488729858398437500e+02
-8.686860961914062500e+02
-5.659990844726562500e+02
-1.002580108642578125e+02
-1.035333251953125000e+03
-1.898063812255859375e+02
-8.592837524414062500e+02
-1.856330871582031250e+02
-1.623230957031250000e+03
-1.910013476562500000e+04
-4.135198059082031250e+02
-1.448838806152343750e+02
-6.428000488281250000e+02
-5.383146972656250000e+02
-4.028644409179687500e+02
-1.689667968750000000e+03
-1.944114379882812500e+03
-1.923975830078125000e+03
-1.742448852539062500e+03
-2.001127014160156250e+02
-5.089098510742187500e+02
-7.589124755859375000e+02
-2.476645507812500000e+03
-1.552646179199218750e+02
-2.425061340332031250e+02
-5.818379516601562500e+02
-2.369248535156250000e+03
-4.304737854003906250e+02
-9.530827331542968750e+01
-6.021043090820312500e+02
-1.141643981933593750e+02
-2.632911987304687500e+02
-1.708016052246093750e+02
-2.152532348632812500e+02
-4.260217285156250000e+02
-3.506260681152343750e+02
-1.577941894531250000e+02
-1.319928741455078125e+02
-1.197383270263671875e+02
-6.211694335937500000e+01
-2.151350097656250000e+03
-5.395616455078125000e+02
-3.359273681640625000e+02
-1.732987060546875000e+02
-1.067610961914062500e+03
-7.745408203125000000e+03
-2.447274169921875000e+02
-6.355184326171875000e+02
-7.185247070312500000e+03
-5.139530761718750000e+03
-2.415151611328125000e+03
-6.423470458984375000e+02
-1.134818603515625000e+03
-3.922379760742187500e+02
-6.063981933593750000e+02
-6.514211425781250000e+02
-3.013476867675781250e+02
-1.926576538085937500e+02
-7.324403686523437500e+02
-3.685948974609375000e+03
-2.351959838867187500e+02
-1.491743621826171875e+02
-2.976631591796875000e+03
-1.598048706054687500e+02
-4.561816101074218750e+02
-2.057726745605468750e+02
-2.110043334960937500e+02
-1.829549194335937500e+03
-9.796421813964843750e+01
-2.346788635253906250e+02
-4.151094055175781250e+02
-7.766412353515625000e+02
-1.559285125732421875e+02
-1.711297656250000000e+04
-7.577026367187500000e+02
-1.275757904052734375e+02
-1.349407958984375000e+02
-1.723518371582031250e+02
-1.416722656250000000e+03
-3.131738586425781250e+02
-3.937801208496093750e+02
-2.075399627685546875e+02
-4.781342163085937500e+02
-9.694503784179687500e+02
-4.336240234375000000e+02
-2.697150878906250000e+03
-2.949565124511718750e+02
-8.319676757812500000e+03
-2.153766021728515625e+02
-6.441771697998046875e+01
-1.423624267578125000e+03
-2.998665527343750000e+03
-4.203948059082031250e+02
-3.724754028320312500e+02
-1.033375854492187500e+02
-2.247375335693359375e+02
-9.457505035400390625e+01
-1.817036621093750000e+03
-1.444328613281250000e+03
-2.668463134765625000e+03
-2.048288330078125000e+03
-8.782297363281250000e+02
-1.346085937500000000e+03
-2.130816162109375000e+03
-1.005421386718750000e+03
-8.150476074218750000e+02
-3.502430114746093750e+02
-6.572815551757812500e+02
-3.527907104492187500e+02
-2.356107666015625000e+03
-1.218413330078125000e+03
-6.951265136718750000e+03
-5.427891235351562500e+02
-5.512527465820312500e+02
-3.994825439453125000e+02
-5.800482421875000000e+03
-1.386613769531250000e+03
-1.057513305664062500e+03
-4.146318664550781250e+02
-9.330953979492187500e+01
-1.483228393554687500e+03
-1.261329956054687500e+03
-3.385479736328125000e+02
-6.618317260742187500e+02
-2.052956848144531250e+02
-1.369588012695312500e+02
-2.901593627929687500e+02
-3.309141540527343750e+02
-9.463925781250000000e+03
-8.828929901123046875e+01
-2.291356250000000000e+04
-7.021823730468750000e+02
-1.859855499267578125e+02
-6.006814575195312500e+02
-4.547264709472656250e+02
-9.658339233398437500e+02
-6.713142578125000000e+03
-1.649793701171875000e+02
-7.978284912109375000e+02
-2.981744384765625000e+02
-2.722218933105468750e+02
-4.124843444824218750e+02
-1.296992645263671875e+02
-8.051235351562500000e+02
-2.455482025146484375e+02
-2.935672851562500000e+03
-7.870463562011718750e+01
-1.700075836181640625e+02
-5.238343261718750000e+03
-3.107742431640625000e+03
-3.862387390136718750e+02
-5.078655395507812500e+02
-1.119339828491210938e+02
-5.707804565429687500e+02
-2.232250250000000000e+06
-1.400785217285156250e+02
-6.312330322265625000e+02
-1.178606185913085938e+02
-5.149423217773437500e+02
-2.750942138671875000e+03
-1.502898406982421875e+02
-2.639470825195312500e+02
-1.426714477539062500e+02
-2.928968811035156250e+02
-5.118041076660156250e+02
-1.061610641479492188e+02
-2.885722656250000000e+02
-1.935804138183593750e+02
-1.702887939453125000e+03
-3.713761962890625000e+03
-2.256721496582031250e+02
-6.236455688476562500e+02
-4.404438171386718750e+02
-1.681974243164062500e+03
-8.539076232910156250e+01
-1.507067413330078125e+02
-3.527239379882812500e+02
-1.897986907958984375e+02
-2.840854187011718750e+02
-6.863816406250000000e+03
-9.152622070312500000e+02
-1.341914550781250000e+03
-2.360972595214843750e+02
-1.460505828857421875e+02
-4.760223046875000000e+04
-1.505504882812500000e+03
-1.243530273437500000e+02
-7.227887573242187500e+02
-7.393456420898437500e+02
-1.544242401123046875e+02
-1.049102706909179688e+02
-2.213631591796875000e+02
-1.295608154296875000e+03
-1.992333221435546875e+02
-2.401196746826171875e+02
-6.168930816650390625e+01
-3.020224304199218750e+02
-7.875466308593750000e+02
-8.546628417968750000e+02
-5.924459228515625000e+02
-1.182649307250976562e+02
-3.562882385253906250e+02
-2.928389587402343750e+02
-3.122915344238281250e+02
-3.635663818359375000e+03
-1.498097534179687500e+02
-8.686406250000000000e+02
-3.531156311035156250e+02
-7.279259643554687500e+02
-1.602500457763671875e+02
-1.166959960937500000e+03
-7.294777832031250000e+02
-1.699352294921875000e+03
-2.339402313232421875e+02
-7.510856628417968750e+01
-5.715240478515625000e+02
-4.156830139160156250e+02
-5.313417053222656250e+01
-8.695442199707031250e+01
-3.656900329589843750e+02
-7.012308502197265625e+01
-1.519055328369140625e+02
-1.576082763671875000e+02
-3.047876892089843750e+02
-6.427186889648437500e+02
-2.338537353515625000e+03
-6.819818115234375000e+02
-1.467239379882812500e+02
-6.796145312500000000e+04
-3.536728820800781250e+02
-1.769668457031250000e+03
-1.042284851074218750e+02
-7.596144866943359375e+01
-2.249740753173828125e+02
-1.422905731201171875e+02
-9.255031127929687500e+02
-5.541906127929687500e+02
-1.374192810058593750e+02
-1.634063720703125000e+02
-2.735129699707031250e+02
-5.102753906250000000e+02
-4.483682556152343750e+02
-2.077282257080078125e+02
-8.193552398681640625e+01
-5.700646362304687500e+02
-4.812958984375000000e+03
-5.425400390625000000e+02
-2.357988128662109375e+02
-3.666226501464843750e+02
-9.507775878906250000e+02
-5.720241699218750000e+02
-1.265478134155273438e+02
-8.492025756835937500e+01
-7.962237548828125000e+01
-3.654536743164062500e+02
-5.031216735839843750e+02
-4.807967758178710938e+01
-4.878363342285156250e+02
-5.423539428710937500e+02
-3.736644897460937500e+02
-1.268132019042968750e+02
-5.908167114257812500e+02
-2.013847656250000000e+04
-2.777836914062500000e+02
-1.450913330078125000e+03
-4.586211853027343750e+02
-5.162930297851562500e+02
-9.379168750000000000e+04
-1.467974243164062500e+03
-9.945687866210937500e+01
-8.118966674804687500e+02
-1.028000717163085938e+02
-1.989106597900390625e+02
-3.242387695312500000e+03
-2.460171813964843750e+02
-3.889354248046875000e+02
-1.538582458496093750e+02
-2.284064331054687500e+02
-1.390482482910156250e+02
-2.874474792480468750e+02
-5.353098754882812500e+02
-9.200153350830078125e+01
-5.448887329101562500e+02
-2.501108245849609375e+02
-7.781961059570312500e+01
-1.209634246826171875e+02
-1.145263214111328125e+02
-8.291723632812500000e+02
-5.357233886718750000e+02
-2.055963134765625000e+02
-3.501277465820312500e+02
-9.052890625000000000e+02
-2.276108642578125000e+03
-9.958436584472656250e+01
-1.913098266601562500e+03
-2.212882080078125000e+02
-1.779855346679687500e+03
-5.966676025390625000e+02
-3.584982910156250000e+02
-5.626951293945312500e+02
-2.479245117187500000e+03
-5.138549804687500000e+02
-2.264278869628906250e+02
-1.060015991210937500e+03
-4.122857055664062500e+02
-8.036979675292968750e+01
-3.703077087402343750e+02
-1.135302124023437500e+02
-1.832846832275390625e+02
-4.028741149902343750e+02
-4.795348815917968750e+02
-3.597034423828125000e+03
-4.865909729003906250e+02
-5.774852905273437500e+02
-1.003514770507812500e+03
-1.850342407226562500e+02
-1.464074096679687500e+02
-5.600569335937500000e+03
-4.900260009765625000e+02
-2.774489990234375000e+03
-2.918804016113281250e+02
-5.214624023437500000e+02
-9.573401641845703125e+01
-6.135426025390625000e+02
-9.149350738525390625e+01
-1.868194946289062500e+03
-1.933233947753906250e+02
-9.894385986328125000e+02
-3.356992187500000000e+02
-1.756983642578125000e+02
-6.204978637695312500e+02
-4.003009033203125000e+02
-3.807646484375000000e+02
-9.273414306640625000e+02
-7.677390136718750000e+02
-4.797001953125000000e+02
-7.090447387695312500e+02
-1.573030029296875000e+03
-1.800643920898437500e+02
-1.453904724121093750e+02
-4.263907165527343750e+02
-8.468150329589843750e+01
-3.432135925292968750e+02
-2.336822662353515625e+02
-1.051251983642578125e+02
-1.273803634643554688e+02
-9.949636230468750000e+02
-2.434515838623046875e+02
-2.352223046875000000e+04
-2.833157470703125000e+03
-3.381834411621093750e+02
-2.712488403320312500e+02
-1.234655303955078125e+02
-2.096015167236328125e+02
-8.709022521972656250e+01
-1.042761688232421875e+02
-1.444678955078125000e+02
-2.643437805175781250e+02
-1.514487609863281250e+02
-3.778176269531250000e+02
-1.220303833007812500e+03
-3.690042114257812500e+02
-7.077860107421875000e+02
-1.397973242187500000e+04
-1.031924896240234375e+02
-6.082584228515625000e+02
-1.916318359375000000e+02
-7.941217803955078125e+01
-1.885972900390625000e+02
-2.071643676757812500e+02
-1.061797332763671875e+02
-1.395649218750000000e+04
-1.120314636230468750e+02
-1.418404693603515625e+02
-3.592084884643554688e+01
-2.527058563232421875e+02
-3.313789062500000000e+02
-8.160232543945312500e+02
-3.261350097656250000e+02
-2.898482666015625000e+02
-6.740099487304687500e+02
-1.702375030517578125e+02
-5.801765136718750000e+02
-2.997971801757812500e+02
-4.848953247070312500e+02
-1.259470443725585938e+02
-2.877738037109375000e+02
-1.583567480468750000e+04
-1.137826004028320312e+02
-7.685471679687500000e+03
-8.628413391113281250e+01
-1.540746215820312500e+03
-4.575662109375000000e+03
-1.628348083496093750e+02
-2.649454345703125000e+02
-1.716772308349609375e+02
-2.631147705078125000e+03
-7.510252075195312500e+02
-4.016871032714843750e+02
-8.646025390625000000e+03
-5.027945556640625000e+02
-7.147270507812500000e+03
-6.276942749023437500e+02
-1.883812561035156250e+02
-2.493994140625000000e+03
-1.661821136474609375e+02
-1.291033172607421875e+02
-1.352151611328125000e+03
-8.622628021240234375e+01
-9.615857543945312500e+02
-9.959351806640625000e+02
-6.327185546875000000e+04
-1.699356231689453125e+02
-3.823164062500000000e+02
-4.286668090820312500e+02
-1.111109161376953125e+02
-6.173835449218750000e+02
-1.657145080566406250e+02
-2.028090820312500000e+04
-1.546445465087890625e+02
-1.095039672851562500e+03
-8.380468750000000000e+04
