-9.931438281250000000e+04
-9.965071875000000000e+04
-9.988877343750000000e+04
-9.978289062500000000e+04
-1.005350234375000000e+05
-1.010214062500000000e+05
-1.012723125000000000e+05
-1.004904218750000000e+05
-1.028299062500000000e+05
-1.002752265625000000e+05
-1.017973671875000000e+05
-9.744254687500000000e+04
-9.851889062500000000e+04
-1.010410781250000000e+05
-1.015988281250000000e+05
-1.014327968750000000e+05
-9.996060937500000000e+04
-9.967985937500000000e+04
-9.961692968750000000e+04
-1.012707812500000000e+05
-1.029043125000000000e+05
-1.023842734375000000e+05
-1.001340625000000000e+05
-1.013232812500000000e+05
-9.916722656250000000e+04
-1.004508593750000000e+05
-1.019085781250000000e+05
-1.012068671875000000e+05
-1.015840000000000000e+05
-9.984285156250000000e+04
-1.005948203125000000e+05
-1.010103125000000000e+05
-1.002558906250000000e+05
-1.017242265625000000e+05
-1.006506406250000000e+05
-9.970642187500000000e+04
-1.032111406250000000e+05
-1.003816718750000000e+05
-1.014124296875000000e+05
-1.008745234375000000e+05
-1.005924218750000000e+05
-1.020717109375000000e+05
-1.022392187500000000e+05
-1.035299609375000000e+05
-1.022545937500000000e+05
-1.033975000000000000e+05
-1.010925078125000000e+05
-1.017270625000000000e+05
-1.027441093750000000e+05
-1.006476562500000000e+05
-1.005175781250000000e+05
-1.027258437500000000e+05
-1.020315234375000000e+05
-1.030945390625000000e+05
-1.010148203125000000e+05
-1.020048906250000000e+05
-1.034273203125000000e+05
-1.028575703125000000e+05
-9.847796093750000000e+04
-1.015404218750000000e+05
-1.031465078125000000e+05
-1.009748203125000000e+05
-1.016633515625000000e+05
-1.007314062500000000e+05
-1.006554531250000000e+05
-1.021454375000000000e+05
-1.008353437500000000e+05
-1.008945781250000000e+05
-1.024420000000000000e+05
-1.013584687500000000e+05
-1.000211796875000000e+05
-1.019365234375000000e+05
-9.913114843750000000e+04
-9.979660156250000000e+04
-1.008535703125000000e+05
-1.000340000000000000e+05
-1.014791406250000000e+05
-1.004761406250000000e+05
-9.939742187500000000e+04
-1.013699531250000000e+05
-1.001689218750000000e+05
-1.008686484375000000e+05
-1.013512890625000000e+05
-9.912100000000000000e+04
-1.002086562500000000e+05
-1.016991562500000000e+05
-9.985925781250000000e+04
-9.918452343750000000e+04
-1.009335703125000000e+05
-1.014469296875000000e+05
-9.875914843750000000e+04
-9.834482812500000000e+04
-9.992765625000000000e+04
-9.925006250000000000e+04
-1.001365625000000000e+05
-9.977889843750000000e+04
-9.967321875000000000e+04
-1.000822812500000000e+05
-9.880278906250000000e+04
-9.948572656250000000e+04
-1.003764375000000000e+05
-1.003782265625000000e+05
-9.928710156250000000e+04
-9.965097656250000000e+04
-9.832350000000000000e+04
-9.900657031250000000e+04
-9.940478125000000000e+04
-9.942702343750000000e+04
-9.884578906250000000e+04
-9.984714062500000000e+04
-9.829664062500000000e+04
-9.790878906250000000e+04
-9.780064062500000000e+04
-9.735645312500000000e+04
-9.860035937500000000e+04
-9.784900781250000000e+04
-9.787024218750000000e+04
-9.671075000000000000e+04
-9.549378125000000000e+04
-9.586014843750000000e+04
-9.789815625000000000e+04
-9.518974218750000000e+04
-9.742928125000000000e+04
-9.667428906250000000e+04
-9.577361718750000000e+04
-9.644442968750000000e+04
-9.491561718750000000e+04
-9.507050000000000000e+04
-9.415828125000000000e+04
-9.439204687500000000e+04
-9.373775781250000000e+04
-9.526056250000000000e+04
-9.389367187500000000e+04
-9.310070312500000000e+04
-9.530453906250000000e+04
-9.461575781250000000e+04
-9.478956250000000000e+04
-9.523346093750000000e+04
-9.309028125000000000e+04
-9.422482031250000000e+04
-9.331629687500000000e+04
-9.389525781250000000e+04
-9.310717968750000000e+04
-9.361459375000000000e+04
-9.444961718750000000e+04
-9.496859375000000000e+04
-9.627096875000000000e+04
-9.328150000000000000e+04
-9.430771093750000000e+04
-9.315013281250000000e+04
-9.564757812500000000e+04
-9.457167968750000000e+04
-9.519889843750000000e+04
-9.620895312500000000e+04
-9.346882812500000000e+04
-9.483690625000000000e+04
-9.377975781250000000e+04
-9.671525000000000000e+04
-9.489103125000000000e+04
-9.291550000000000000e+04
-9.420667968750000000e+04
-9.300525781250000000e+04
-9.346232031250000000e+04
-9.479121875000000000e+04
-9.410482031250000000e+04
-9.379635937500000000e+04
-9.556042968750000000e+04
-9.570589062500000000e+04
-9.202129687500000000e+04
-9.246300781250000000e+04
-9.383710156250000000e+04
-9.167777343750000000e+04
-9.486557812500000000e+04
-9.298738281250000000e+04
-9.144489843750000000e+04
-9.031753906250000000e+04
-9.302735156250000000e+04
-9.266988281250000000e+04
-9.253620312500000000e+04
-9.115184375000000000e+04
-9.240868750000000000e+04
-9.054942968750000000e+04
-9.002347656250000000e+04
-9.037892187500000000e+04
-9.193820312500000000e+04
-8.867021875000000000e+04
-8.993128906250000000e+04
-9.061010937500000000e+04
-9.178354687500000000e+04
-8.993907812500000000e+04
-8.796389062500000000e+04
-9.095643750000000000e+04
-9.020242187500000000e+04
-9.089338281250000000e+04
-8.903467187500000000e+04
-8.971235156250000000e+04
-9.114189843750000000e+04
-8.975221093750000000e+04
-8.964189843750000000e+04
-9.039567968750000000e+04
-8.950678125000000000e+04
-9.103465625000000000e+04
-8.820953125000000000e+04
-8.913399218750000000e+04
-8.821470312500000000e+04
-8.923727343750000000e+04
-8.832167187500000000e+04
-8.866450781250000000e+04
-8.950484375000000000e+04
-8.773417968750000000e+04
-8.948453125000000000e+04
-8.884896875000000000e+04
-8.771684375000000000e+04
-8.799017968750000000e+04
-8.796647656250000000e+04
-8.828085156250000000e+04
-8.662613281250000000e+04
-8.643928125000000000e+04
-8.732375000000000000e+04
-8.719518750000000000e+04
-8.739428906250000000e+04
-8.666282031250000000e+04
-8.599615625000000000e+04
-8.744421875000000000e+04
-8.812759375000000000e+04
-8.673652343750000000e+04
-8.596471875000000000e+04
-8.784003906250000000e+04
-8.440125000000000000e+04
-8.522275000000000000e+04
-8.645811718750000000e+04
-8.508132031250000000e+04
-8.537317968750000000e+04
-8.434957031250000000e+04
-8.436522656250000000e+04
-8.637617968750000000e+04
-8.348484375000000000e+04
-8.457931250000000000e+04
-8.335011718750000000e+04
-8.517222656250000000e+04
-8.463518750000000000e+04
-8.534575000000000000e+04
-8.453153125000000000e+04
-8.406835156250000000e+04
-8.508864843750000000e+04
-8.252506250000000000e+04
-8.357604687500000000e+04
-8.379228906250000000e+04
-8.485953125000000000e+04
-8.257725781250000000e+04
-8.325204687500000000e+04
-8.326973437500000000e+04
-8.372787500000000000e+04
-8.454350000000000000e+04
-8.462910156250000000e+04
-8.355357812500000000e+04
-8.235165625000000000e+04
-8.272542968750000000e+04
-8.375342187500000000e+04
-8.166014843750000000e+04
-8.260747656250000000e+04
-8.336618750000000000e+04
-8.186863281250000000e+04
-8.116946093750000000e+04
-8.269443750000000000e+04
-8.023199218750000000e+04
-8.232366406250000000e+04
-8.083422656250000000e+04
-7.981325781250000000e+04
-8.112289062500000000e+04
-8.006727343750000000e+04
-8.004685937500000000e+04
-8.187250781250000000e+04
-8.023128906250000000e+04
-8.069638281250000000e+04
-7.982943750000000000e+04
-7.992336718750000000e+04
-8.191503125000000000e+04
-7.950702343750000000e+04
-7.921256250000000000e+04
-7.782160156250000000e+04
-7.930907812500000000e+04
-7.913764843750000000e+04
-7.882137500000000000e+04
-7.733928125000000000e+04
-7.827243750000000000e+04
-7.961085937500000000e+04
-7.940543750000000000e+04
-7.929340625000000000e+04
-7.746411718750000000e+04
-7.775442187500000000e+04
-7.685539062500000000e+04
-7.727920312500000000e+04
-7.812441406250000000e+04
-7.711370312500000000e+04
-7.791895312500000000e+04
-7.847382031250000000e+04
-7.807225000000000000e+04
-7.602003125000000000e+04
-7.659094531250000000e+04
-7.647700781250000000e+04
-7.665165625000000000e+04
-7.762089843750000000e+04
-7.556922656250000000e+04
-7.516724218750000000e+04
-7.549710156250000000e+04
-7.422655468750000000e+04
-7.512101562500000000e+04
-7.265172656250000000e+04
-7.392360156250000000e+04
-7.338835937500000000e+04
-7.213519531250000000e+04
-7.235735156250000000e+04
-7.146227343750000000e+04
-7.027306250000000000e+04
-7.282946875000000000e+04
-7.117046093750000000e+04
-7.125889843750000000e+04
-7.140726562500000000e+04
-7.090857031250000000e+04
-7.101133593750000000e+04
-7.261842187500000000e+04
-7.109086718750000000e+04
-7.117232031250000000e+04
-6.992489062500000000e+04
-7.037421875000000000e+04
-7.115351562500000000e+04
-7.088867187500000000e+04
-7.136161718750000000e+04
-7.018474218750000000e+04
-6.905977343750000000e+04
-7.037578125000000000e+04
-6.916374218750000000e+04
-7.056790625000000000e+04
-6.939925000000000000e+04
-6.824339843750000000e+04
-6.820989062500000000e+04
-6.821511718750000000e+04
-6.959614843750000000e+04
-6.674621875000000000e+04
-6.597296093750000000e+04
-6.664239843750000000e+04
-6.661176562500000000e+04
-6.706735937500000000e+04
-6.554471875000000000e+04
-6.553620312500000000e+04
-6.426848828125000000e+04
-6.575043750000000000e+04
-6.331113671875000000e+04
-6.405957031250000000e+04
-6.395437890625000000e+04
-6.455517187500000000e+04
-6.333523437500000000e+04
-6.234321093750000000e+04
-6.316233593750000000e+04
-6.276640625000000000e+04
-6.175489062500000000e+04
-6.105148828125000000e+04
-6.275582031250000000e+04
-6.177431640625000000e+04
-6.082654687500000000e+04
-6.000294921875000000e+04
-6.041240625000000000e+04
-6.026546484375000000e+04
-5.799967968750000000e+04
-5.947819140625000000e+04
-5.799633593750000000e+04
-5.742796484375000000e+04
-5.703528906250000000e+04
-5.730210546875000000e+04
-5.624091015625000000e+04
-5.592695312500000000e+04
-5.590262890625000000e+04
-5.411165625000000000e+04
-5.518587500000000000e+04
-5.405460156250000000e+04
-5.455496484375000000e+04
-5.437300000000000000e+04
-5.483769921875000000e+04
-5.280603906250000000e+04
-5.358548046875000000e+04
-5.371867187500000000e+04
-5.240042578125000000e+04
-5.150555468750000000e+04
-5.131027343750000000e+04
-5.136789453125000000e+04
-4.987201171875000000e+04
-4.921764453125000000e+04
-4.928537890625000000e+04
-4.957496093750000000e+04
-5.015912500000000000e+04
-4.879251171875000000e+04
-4.827218359375000000e+04
-4.723473437500000000e+04
-4.682918359375000000e+04
-4.544941406250000000e+04
-4.702603906250000000e+04
-4.568019140625000000e+04
-4.409187500000000000e+04
-4.263596875000000000e+04
-4.311298437500000000e+04
-4.440364843750000000e+04
-4.257335156250000000e+04
-4.008998437500000000e+04
-4.089492968750000000e+04
-3.929448828125000000e+04
-3.668083984375000000e+04
-3.683785156250000000e+04
-3.647792968750000000e+04
-3.489492187500000000e+04
-3.459317578125000000e+04
-3.407944531250000000e+04
-3.429508984375000000e+04
-3.314840234375000000e+04
-3.321453906250000000e+04
-3.309460156250000000e+04
-3.035595507812500000e+04
-3.011940039062500000e+04
-2.897417773437500000e+04
-2.773676953125000000e+04
-2.642618554687500000e+04
-2.503296093750000000e+04
-2.436358007812500000e+04
-2.304829492187500000e+04
-2.395461914062500000e+04
-2.198103710937500000e+04
-2.070058593750000000e+04
-1.888103906250000000e+04
-1.891350195312500000e+04
-1.616076269531250000e+04
-1.336475781250000000e+04
-1.279568457031250000e+04
-1.249237792968750000e+04
-1.115745703125000000e+04
-8.417954101562500000e+03
-9.140478515625000000e+03
-6.696885742187500000e+03
-5.196507812500000000e+03
-4.149223144531250000e+03
-2.837700195312500000e+03
-2.988189941406250000e+03
-3.558357849121093750e+02
2.657461853027343750e+02
2.049664062500000000e+03
1.933859863281250000e+03
3.744303222656250000e+03
4.094434570312500000e+03
6.002778320312500000e+03
8.095925781250000000e+03
7.857288085937500000e+03
1.031176464843750000e+04
1.111609765625000000e+04
1.310726269531250000e+04
1.473407617187500000e+04
1.586089257812500000e+04
1.548387011718750000e+04
1.816955859375000000e+04
2.052961718750000000e+04
2.159003515625000000e+04
2.244305078125000000e+04
2.410153906250000000e+04
2.533630468750000000e+04
2.701464843750000000e+04
2.823098242187500000e+04
2.887881445312500000e+04
3.030306835937500000e+04
3.113601562500000000e+04
3.330232031250000000e+04
3.517782812500000000e+04
3.501569140625000000e+04
3.569387890625000000e+04
3.614753906250000000e+04
3.926098437500000000e+04
4.125495312500000000e+04
4.417139062500000000e+04
4.433607812500000000e+04
4.472210546875000000e+04
4.686854687500000000e+04
4.906544921875000000e+04
5.018808593750000000e+04
5.257026171875000000e+04
5.312114453125000000e+04
5.460253125000000000e+04
5.391985156250000000e+04
5.574051953125000000e+04
5.819011328125000000e+04
6.096155078125000000e+04
6.128658593750000000e+04
6.359132421875000000e+04
6.354237109375000000e+04
6.494489062500000000e+04
6.814636718750000000e+04
7.222083593750000000e+04
7.224982812500000000e+04
7.524945312500000000e+04
7.703169531250000000e+04
7.769740625000000000e+04
8.046542968750000000e+04
8.522200781250000000e+04
8.663871875000000000e+04
