-1.933359062500000000e+05
-1.090328671875000000e+05
-1.948935468750000000e+05
-9.600442968750000000e+04
-1.106933105468750000e+04
-9.832225625000000000e+05
-1.541410253906250000e+04
-6.689046386718750000e+03
-7.742885625000000000e+05
-9.110059570312500000e+03
-6.403491699218750000e+03
-1.243304687500000000e+05
-5.777573828125000000e+04
-3.412254687500000000e+04
-2.767837695312500000e+04
-3.360180419921875000e+03
-5.345677500000000000e+05
-2.411410937500000000e+05
-7.941667968750000000e+03
-4.071080859375000000e+04
-4.418927343750000000e+04
-6.223768066406250000e+03
-3.062350976562500000e+04
-1.132225097656250000e+04
-9.992142578125000000e+03
-2.066763476562500000e+04
-1.669507421875000000e+04
-2.546142578125000000e+03
-3.181579101562500000e+03
-1.078940039062500000e+04
-1.081601660156250000e+04
-4.665592285156250000e+03
-1.371422753906250000e+04
-3.382998779296875000e+03
-1.145759765625000000e+04
-3.204025585937500000e+04
-2.109991015625000000e+04
-2.873756445312500000e+04
-1.725450439453125000e+03
-3.094362304687500000e+03
-1.512584375000000000e+04
-1.134942578125000000e+04
-3.821416015625000000e+03
-5.558326660156250000e+03
-1.361074218750000000e+04
-9.537381835937500000e+03
-3.520376875000000000e+05
-2.552028320312500000e+04
-1.177993125000000000e+06
-1.698247460937500000e+04
-7.977837402343750000e+03
-2.266713476562500000e+04
-3.092163085937500000e+03
-2.154760156250000000e+04
-2.661056640625000000e+03
-4.595575625000000000e+05
-6.297399414062500000e+03
-4.598983398437500000e+03
-2.602225585937500000e+04
-1.781125000000000000e+05
-1.076224500000000000e+06
-1.681216674804687500e+03
-2.312736572265625000e+03
-1.181398315429687500e+03
-2.424935156250000000e+04
-3.338624023437500000e+03
-3.895095947265625000e+03
-7.703246093750000000e+03
-1.848770898437500000e+04
-1.653065429687500000e+03
-7.921304931640625000e+02
-2.095005468750000000e+04
-5.958235839843750000e+03
-8.321626586914062500e+02
-1.053814086914062500e+03
-1.281990600585937500e+03
-1.158474121093750000e+03
-2.439836669921875000e+03
-4.833683593750000000e+03
-2.592951171875000000e+03
-1.664937133789062500e+03
-3.764469482421875000e+03
-1.362608398437500000e+03
-1.457261132812500000e+04
-1.654467187500000000e+04
-8.361116210937500000e+03
-1.313689208984375000e+03
-9.994650268554687500e+02
-2.168781494140625000e+03
-4.083625732421875000e+03
-2.134503906250000000e+04
-5.535618164062500000e+03
-1.654469360351562500e+03
-2.028977172851562500e+03
-3.666744628906250000e+03
-2.000883789062500000e+04
-3.431795410156250000e+03
-5.526646972656250000e+03
-1.695065795898437500e+03
-9.682590332031250000e+02
-1.753347778320312500e+03
-2.936801757812500000e+03
-1.578696411132812500e+03
-1.179442016601562500e+03
-4.331943847656250000e+03
-4.683744628906250000e+03
-8.804356079101562500e+02
-8.043115234375000000e+03
-1.402806762695312500e+03
-1.515764648437500000e+03
-2.298645263671875000e+03
-1.632399902343750000e+03
-1.578982055664062500e+03
-1.285353881835937500e+03
-2.961181884765625000e+03
-1.349422241210937500e+03
-1.901753173828125000e+03
-2.038515502929687500e+03
-1.504588378906250000e+03
-9.678755493164062500e+02
-1.144546508789062500e+03
-2.594284179687500000e+03
-3.635966796875000000e+03
-1.458264526367187500e+03
-5.652998828125000000e+04
-4.868083984375000000e+03
-8.032903808593750000e+03
-2.129906250000000000e+03
-2.903374755859375000e+03
-1.657570678710937500e+03
-8.343354492187500000e+02
-4.788562011718750000e+03
-1.794867578125000000e+04
-2.236069335937500000e+03
-2.542727294921875000e+03
-1.225300903320312500e+03
-8.480789062500000000e+03
-5.951998535156250000e+03
-9.878437500000000000e+02
-1.924786621093750000e+03
-3.055113769531250000e+03
-1.441272216796875000e+03
-1.511289428710937500e+03
-2.923463378906250000e+03
-1.114709838867187500e+03
-1.656886718750000000e+04
-9.039288330078125000e+02
-4.675145019531250000e+03
-5.771946777343750000e+03
-4.777783984375000000e+04
-7.829481933593750000e+03
-1.705989257812500000e+03
-5.965244921875000000e+04
-1.593262817382812500e+03
-7.854481445312500000e+03
-7.840127929687500000e+03
-2.736264892578125000e+03
-6.136617675781250000e+03
-8.152779541015625000e+02
-1.201235229492187500e+03
-1.077657031250000000e+04
-2.276061279296875000e+03
-1.138151000976562500e+03
-6.332535644531250000e+03
-4.388927246093750000e+03
-3.768604980468750000e+03
-4.294515625000000000e+03
-1.572048461914062500e+03
-1.736175781250000000e+03
-1.572332641601562500e+03
-3.119584960937500000e+03
-1.137765747070312500e+03
-2.251422607421875000e+03
-1.202184082031250000e+03
-1.691562812500000000e+05
-9.001216796875000000e+03
-1.128426513671875000e+03
-1.179707031250000000e+03
-6.910955566406250000e+03
-2.651627929687500000e+03
-2.202900878906250000e+03
-2.805993408203125000e+03
-1.443702636718750000e+03
-2.552069580078125000e+03
-6.191544140625000000e+04
-2.282729248046875000e+03
-9.026784179687500000e+03
-9.321759643554687500e+02
-2.335813476562500000e+03
-1.291700195312500000e+03
-1.584778076171875000e+03
-1.293677856445312500e+03
-1.611292236328125000e+03
-1.960717773437500000e+03
-1.272047973632812500e+03
-8.289177856445312500e+02
-3.985709716796875000e+03
-2.401372656250000000e+04
-1.842372802734375000e+03
-5.253995000000000000e+05
-4.030532421875000000e+04
-2.977962890625000000e+03
-2.487606445312500000e+03
-3.610438720703125000e+03
-1.459519042968750000e+03
-1.110790893554687500e+03
-9.339935302734375000e+02
-7.420997070312500000e+03
-9.340081787109375000e+02
-1.040003295898437500e+03
-8.240554809570312500e+02
-1.555666992187500000e+04
-8.101565551757812500e+02
-8.375516601562500000e+03
-2.766359687500000000e+05
-8.376159667968750000e+02
-1.225598144531250000e+03
-5.849364257812500000e+03
-1.617499389648437500e+03
-1.709646240234375000e+03
-7.323425292968750000e+02
-1.570312500000000000e+03
-1.135606933593750000e+03
-1.176414746093750000e+04
-9.861239013671875000e+02
-8.511303100585937500e+02
-8.086122436523437500e+02
-9.091160278320312500e+02
-9.716992797851562500e+02
-8.702803710937500000e+03
-1.232784790039062500e+03
-1.700149414062500000e+03
-8.420052490234375000e+02
-1.954187500000000000e+03
-6.783933593750000000e+03
-1.615015014648437500e+03
-2.452122070312500000e+03
-2.741876464843750000e+03
-1.716390136718750000e+03
-1.901581054687500000e+04
-1.834302539062500000e+04
-8.041495361328125000e+02
-1.356452514648437500e+03
-8.892432861328125000e+02
-8.636397094726562500e+02
-1.203443237304687500e+03
-1.064651489257812500e+03
-1.655501098632812500e+03
-1.589864013671875000e+03
-9.883573608398437500e+02
-1.271112915039062500e+03
-9.777451782226562500e+02
-1.553405151367187500e+03
-3.367440673828125000e+03
-1.364317993164062500e+03
-1.725684204101562500e+03
-4.248705566406250000e+03
-9.227243652343750000e+02
-5.282701171875000000e+03
-3.913504394531250000e+03
-1.410438476562500000e+03
-9.223294677734375000e+02
-4.728160644531250000e+03
-7.785153808593750000e+03
-1.097682861328125000e+03
-2.883664062500000000e+03
-4.335017089843750000e+03
-1.397507080078125000e+03
-9.652755737304687500e+02
-4.205145996093750000e+03
-1.114765234375000000e+04
-8.230086669921875000e+02
-8.626710205078125000e+02
-7.579883422851562500e+02
-2.262171386718750000e+03
-2.420488437500000000e+05
-7.004277343750000000e+02
-1.150807617187500000e+03
-7.141058349609375000e+02
-1.528015747070312500e+03
-8.708258056640625000e+02
-1.378609252929687500e+03
-1.478511840820312500e+03
-1.540484863281250000e+03
-6.701525268554687500e+02
-8.803814086914062500e+02
-3.280441650390625000e+03
-1.036908203125000000e+03
-9.010111694335937500e+02
-8.674204101562500000e+02
-2.701230957031250000e+03
-7.078294677734375000e+02
-9.278016967773437500e+02
-1.378155761718750000e+03
-1.051401367187500000e+04
-1.008873962402343750e+03
-8.607608032226562500e+02
-6.449088134765625000e+02
-1.621571533203125000e+03
-6.878035888671875000e+02
-9.362803344726562500e+02
-8.448864135742187500e+02
-9.689848632812500000e+02
-1.024319946289062500e+03
-3.553152832031250000e+03
-7.782602539062500000e+02
-7.354035034179687500e+02
-1.310705932617187500e+03
-1.831590820312500000e+03
-1.012260070800781250e+03
-7.571526489257812500e+02
-8.684595336914062500e+02
-1.198077148437500000e+03
-8.067086791992187500e+02
-9.088812255859375000e+02
-8.030578002929687500e+02
-1.197059692382812500e+03
-1.031899291992187500e+03
-7.649490356445312500e+02
-7.416807250976562500e+02
-7.581197509765625000e+02
-8.454500732421875000e+02
-1.890619995117187500e+03
-2.486905029296875000e+03
-9.633278198242187500e+02
-1.283294189453125000e+03
-8.598099975585937500e+02
-1.562502685546875000e+03
-8.624020385742187500e+02
-1.011662841796875000e+03
-1.216373535156250000e+03
-3.640922607421875000e+03
-8.078078613281250000e+02
-7.274614257812500000e+02
-9.484373168945312500e+02
-9.318570556640625000e+02
-1.334949218750000000e+03
-9.473646850585937500e+02
-9.396774902343750000e+02
-3.091128417968750000e+03
-9.576970214843750000e+02
-2.399234130859375000e+03
-8.248496704101562500e+02
-8.538590698242187500e+02
-8.449961547851562500e+02
-1.423758911132812500e+03
-8.105886230468750000e+02
-9.804270019531250000e+02
-7.849534912109375000e+02
-7.740165405273437500e+02
-1.134125122070312500e+03
-2.807647705078125000e+03
-8.065656127929687500e+02
-1.673707397460937500e+03
-9.207567138671875000e+02
-9.630117797851562500e+02
-7.550797119140625000e+02
-2.131174072265625000e+03
-1.424265014648437500e+03
-1.121989257812500000e+03
-9.737036132812500000e+02
-1.742788696289062500e+03
-7.488847656250000000e+02
-8.534283447265625000e+02
-1.054165649414062500e+03
-8.466072387695312500e+02
-8.096048583984375000e+02
-1.047070922851562500e+03
-1.040993164062500000e+03
-9.784234619140625000e+02
-1.065305053710937500e+03
-7.014173583984375000e+02
-1.078147827148437500e+03
-7.877239990234375000e+02
-1.386801757812500000e+03
-7.512904663085937500e+02
-8.393090820312500000e+02
-9.243392944335937500e+02
-1.710137084960937500e+03
-8.202171630859375000e+02
-8.200666503906250000e+02
-1.205086181640625000e+03
-6.649084472656250000e+03
-1.459441040039062500e+03
-6.329502563476562500e+02
-1.370203857421875000e+03
-7.762117309570312500e+02
-9.756390380859375000e+02
-7.008613891601562500e+02
-1.028134399414062500e+03
-6.615324707031250000e+02
-9.524852294921875000e+02
-1.281389526367187500e+03
-1.451775512695312500e+03
-1.531564819335937500e+03
-1.034603613281250000e+04
-8.215635986328125000e+02
-7.273071899414062500e+02
-1.715089721679687500e+03
-9.728116455078125000e+02
-1.334377441406250000e+03
-8.012517089843750000e+02
-8.360473632812500000e+02
-1.791857543945312500e+03
-1.103072631835937500e+03
-2.837423095703125000e+03
-9.315610961914062500e+02
-9.852374877929687500e+02
-9.478826293945312500e+02
-9.705754394531250000e+02
-2.487348876953125000e+03
-2.785585937500000000e+03
-9.613378295898437500e+02
-8.269861328125000000e+03
-1.062525512695312500e+03
-1.375712402343750000e+03
-9.225484375000000000e+04
-1.054728637695312500e+03
-2.396520019531250000e+03
-8.947800903320312500e+02
-2.191069580078125000e+03
-7.233025512695312500e+02
-8.417767333984375000e+02
-1.567612060546875000e+03
-1.288382226562500000e+04
-8.351169433593750000e+02
-1.089592773437500000e+03
-9.724280395507812500e+02
-8.515381469726562500e+02
-6.608591308593750000e+02
-6.874537353515625000e+02
-6.020161132812500000e+02
-7.636455688476562500e+02
-8.319312744140625000e+02
-6.845261840820312500e+02
-6.184439697265625000e+02
-7.407977539062500000e+03
-9.142661743164062500e+02
-7.941635742187500000e+02
-7.231591186523437500e+02
-2.896556152343750000e+03
-1.257687866210937500e+03
-6.665646362304687500e+02
-1.420460327148437500e+03
-6.781943969726562500e+02
-9.923253784179687500e+02
-7.710152587890625000e+02
-7.836304931640625000e+02
-7.990645141601562500e+02
-8.239379882812500000e+02
-6.875369262695312500e+02
-2.122219970703125000e+03
-2.523534912109375000e+03
-7.939896240234375000e+02
-6.404395141601562500e+02
-1.419485351562500000e+03
-2.470802734375000000e+03
-8.570356445312500000e+02
-8.764685058593750000e+02
-6.321843872070312500e+02
-7.172966918945312500e+02
-7.130316162109375000e+02
-7.379296875000000000e+02
-1.014168457031250000e+03
-3.613673828125000000e+03
-1.154148437500000000e+03
-7.379835815429687500e+02
-7.714673461914062500e+02
-1.288176757812500000e+04
-1.478519531250000000e+03
-9.344067993164062500e+02
-7.558757324218750000e+02
-6.962958374023437500e+02
-8.638269653320312500e+02
-9.454138793945312500e+02
-1.033262939453125000e+03
-1.183431762695312500e+03
-8.193551635742187500e+02
-7.905872802734375000e+02
-7.190717285156250000e+03
-7.455376586914062500e+02
-4.031004638671875000e+03
-7.141961059570312500e+02
-1.333264160156250000e+03
-9.407606811523437500e+02
-6.771404418945312500e+02
-8.689956054687500000e+03
-1.075913085937500000e+03
-9.608442993164062500e+02
-1.069556274414062500e+03
-1.134812011718750000e+03
-1.143953613281250000e+03
-1.156597900390625000e+03
-1.567563720703125000e+03
-8.545303344726562500e+02
-6.977249145507812500e+02
-6.536370849609375000e+02
-1.090499755859375000e+03
-1.153288208007812500e+03
-1.947915527343750000e+03
